2860 1600
3 300 900 2789
2 428 2260
2 437 2011
3 90 1667 2263
7 373 641 999 1458 1762 2251 2809
6 662 801 1372 1654 2600 2800
7 262 433 1182 1258 1594 2375 2773
3 554 1280 1456
5 157 281 929 1114 2401
2 1184 1446
4 164 174 199 2798
3 1766 1802 2589
6 845 1294 1534 1710 2777 2821
4 515 765 840 2107
5 739 746 752 1132 2501
6 365 1389 1567 1779 1897 2131
4 651 1247 2490 2656
6 95 854 1137 1620 1713 1748
6 753 1219 1664 1806 2011 2502
6 290 321 852 1329 1621 2588
5 23 791 1611 1975 2020
3 859 1150 1197
2 394 2655
5 14 590 2268 2725 2810
2 726 1353
3 1033 1457 2548
3 197 1123 2064
7 244 301 818 1431 1433 1788 2130
2 1335 1478
5 491 920 1974 2193 2270
5 99 1390 1495 1529 1741
7 307 389 533 1326 1442 1582 2170
6 444 804 1026 2142 2444 2641
7 17 160 208 540 1097 1246 1911
7 365 532 1005 1155 1219 2222 2758
5 558 632 686 1229 2420
4 493 600 1554 2156
3 627 874 2764
6 625 669 1085 1192 2251 2422
3 1310 2394 2412
5 697 1693 2555 2633 2793
5 70 781 925 1405 2308
3 928 1459 1697
3 1108 1380 1828
6 220 301 987 1002 1504 2294
5 681 1250 1392 1413 1698
6 424 615 1361 1627 1652 2359
7 141 275 323 536 787 858 1555
3 1939 2526 2736
6 1 178 895 1205 1802 1806
6 198 838 1450 1938 2029 2480
4 308 579 1905 2582
2 2061 2215
4 432 607 2147 2849
6 222 1104 1941 2212 2587 2689
6 204 612 674 741 1581 2110
2 501 1242
3 775 1492 2445
2 749 825
5 300 859 874 1360 1617
2 988 1289
7 118 1116 1336 1544 1805 2560 2569
2 843 1219
7 885 1417 1727 1813 2443 2621 2744
3 873 2127 2135
3 779 1785 2582
2 124 2635
7 1225 1543 1608 1948 2139 2417 2538
6 667 1407 1486 1564 1675 2211
4 821 1286 2237 2769
3 305 674 2715
5 793 914 1818 2201 2402
3 1187 2395 2564
7 566 1208 1710 2164 2302 2656 2748
4 3 811 2230 2806
4 601 799 1927 2253
3 76 610 2340
5 18 105 227 1778 2205
5 211 248 351 1124 2288
4 274 430 1412 2717
7 892 958 1424 1660 1815 2272 2746
7 438 758 772 807 1269 1823 2552
2 742 1847
4 1249 1498 1501 2680
7 221 644 1476 1840 1859 1907 2036
7 548 654 756 1218 1793 2468 2515
3 1761 2306 2778
3 195 622 1218
5 145 594 771 986 1645
2 1692 2292
6 130 742 1176 1347 2123 2543
6 430 1017 1787 2156 2441 2664
5 315 673 726 1666 2499
3 1989 2090 2585
4 124 482 2695 2792
3 494 2559 2824
6 1251 2062 2181 2329 2356 2643
3 469 1021 2243
2 671 1407
2 160 673
2 195 866
2 194 2131
5 69 477 827 1802 2504
4 727 1286 2015 2351
4 609 2528 2563 2575
3 174 1105 2396
2 535 1096
7 113 311 1487 2064 2180 2521 2821
5 1363 2083 2097 2307 2539
7 480 964 1286 1574 2311 2607 2631
4 393 1517 2152 2620
3 857 1058 1720
6 217 579 1044 1613 2162 2503
5 672 1432 1813 2173 2810
4 174 1294 1742 2184
3 357 1122 1762
7 530 624 1388 1759 1846 2305 2625
7 123 1082 1175 1860 2377 2468 2686
7 353 643 879 932 1604 2340 2754
3 290 855 2660
3 1464 1494 2391
6 389 425 1486 1532 1633 2702
3 268 647 1400
2 1220 2613
4 1010 1405 1949 2302
2 1537 2262
6 460 610 1081 2018 2564 2779
3 471 660 1896
7 298 302 873 1204 1410 1743 2704
6 612 687 1433 1517 1992 2065
3 394 1385 2854
5 200 201 1693 2178 2520
6 650 788 1471 1672 2024 2333
5 194 252 435 759 1548
4 348 741 1491 2263
7 55 289 622 1266 1274 2290 2715
3 31 1536 2032
6 327 822 897 1050 1481 1830
5 638 838 1573 1813 2155
5 352 458 543 752 2606
6 618 1197 1574 1782 2183 2572
4 229 429 879 1620
7 1483 1640 1969 2114 2332 2760 2831
5 703 736 1661 1891 2487
7 304 457 879 942 1369 1509 2757
6 59 338 358 892 2018 2556
3 194 1299 1719
4 1607 1769 1899 2256
3 1416 1601 2180
3 257 1855 2115
4 717 1089 1335 1528
3 1088 1779 2457
4 1173 1223 1317 2010
7 112 290 334 505 1557 2438 2503
7 43 202 232 1216 2083 2142 2604
5 148 778 2274 2781 2858
6 88 1327 1431 1579 2272 2769
3 426 580 2714
3 654 858 2009
5 130 542 731 1925 2292
6 61 632 748 920 2070 2214
6 596 753 1549 2077 2091 2440
3 484 582 926
5 215 332 449 1660 1895
4 268 846 895 1645
6 644 1297 1355 1908 2266 2467
2 588 1040
6 132 231 342 458 822 2840
3 1435 1541 2138
3 129 1923 2069
6 2 478 798 891 1260 2163
3 392 1328 1827
4 42 564 619 1408
5 326 390 913 992 1616
2 67 553
6 578 1440 2347 2596 2805 2854
7 449 575 1103 1243 1270 1889 2712
7 679 774 1264 1685 1767 1923 2699
7 495 1042 1116 1212 1964 2127 2432
4 413 1613 2380 2815
2 471 1556
6 83 2069 2194 2486 2557 2685
6 1948 2173 2201 2380 2428 2571
6 164 800 977 1518 1620 1678
2 418 2803
4 1765 2186 2391 2731
5 173 599 1145 2371 2399
5 893 1276 1347 2597 2682
4 794 1404 1636 2629
3 58 1697 2630
5 337 411 1814 1883 2626
5 116 632 1415 1702 2289
4 69 458 570 593
7 91 1196 1471 1542 1658 1948 1959
5 339 344 805 1721 1777
5 310 1446 1750 2107 2202
7 787 1352 1424 1475 1869 2165 2402
6 17 52 1042 1240 2220 2696
5 296 820 2216 2223 2230
2 1963 2688
4 883 1732 2570 2665
2 404 1308
6 181 800 1861 2361 2684 2711
5 1418 1722 2376 2652 2711
4 130 957 1867 2815
2 102 2528
7 40 427 463 1186 1544 1739 2328
2 2189 2625
6 603 1013 1956 2279 2464 2517
5 855 942 1481 1731 2519
6 129 894 1123 1292 2112 2158
2 1400 2545
4 155 531 1274 2288
4 1018 2520 2560 2566
5 294 1175 1249 1383 2171
6 189 1173 1322 1862 2391 2663
2 2277 2634
5 354 582 901 969 2531
3 35 858 2838
2 151 1718
7 346 836 885 1082 1444 2059 2578
4 166 1044 1339 1956
3 256 309 2320
5 1136 2010 2433 2787 2842
4 307 336 536 1438
5 355 1227 1510 1822 2492
3 2241 2685 2760
7 553 740 1279 2145 2351 2593 2706
5 699 1056 1437 2089 2300
3 1046 1448 1911
4 1457 1608 1855 2383
4 744 1274 1981 2490
7 290 628 819 1079 1414 1670 2103
2 1142 2748
3 61 263 561
5 897 938 1228 2004 2785
3 1093 1412 2395
7 87 167 255 633 1893 2311 2680
3 810 2000 2660
4 363 849 1562 2844
4 501 802 1445 2230
7 530 795 1261 1468 2117 2478 2689
5 229 1520 1816 1918 2217
4 197 423 426 2055
3 2194 2681 2859
6 543 1053 1355 1522 2271 2773
4 1823 2043 2598 2681
5 118 295 949 2046 2408
7 549 820 933 1021 1179 2303 2439
6 139 545 1184 1289 1354 2043
5 520 615 905 1046 1458
6 1092 1314 1672 1770 2104 2439
2 236 1123
2 1047 2750
2 2126 2378
6 83 326 1251 1351 1354 2141
5 576 1099 1102 2163 2173
2 207 2199
5 430 797 1053 1489 2656
6 258 705 1448 2091 2271 2318
7 137 149 318 739 1023 1032 1903
2 83 1627
7 39 351 918 1289 1586 1778 2463
2 297 1445
4 441 1664 1945 2464
6 448 500 711 759 1131 1494
6 269 658 874 902 1037 2071
6 260 329 729 782 1031 2540
6 682 785 967 1883 2609 2735
6 369 1420 1511 2183 2436 2520
7 115 664 747 1556 1970 2442 2805
3 127 665 2235
4 719 976 1257 1677
4 259 2058 2081 2554
2 1654 1736
7 151 908 1217 1468 1744 2336 2783
4 1163 1403 1701 2068
5 86 143 263 1557 2180
6 420 529 1517 2053 2136 2320
4 236 828 1832 1930
3 603 1418 2756
6 18 122 518 1985 2602 2830
6 197 402 1221 1444 1490 2493
5 368 578 1686 1829 2451
7 1062 1204 1272 1702 1803 1872 2556
5 772 781 1097 1200 2102
2 718 1718
3 544 1944 2636
4 495 2314 2592 2813
2 1463 2713
5 1045 1347 1356 1736 2032
5 489 1047 1570 1675 2136
3 1692 2179 2483
3 328 2637 2846
5 799 1039 1176 1479 2456
4 329 723 2218 2643
4 682 1836 1901 2180
6 37 246 932 934 1848 2476
6 1470 1511 1574 1715 1836 1984
2 246 2603
6 169 183 488 1611 1643 1684
2 663 670
6 352 565 1316 1453 1538 2170
3 146 1264 2609
5 325 1159 1221 1788 1890
6 171 183 537 1779 2684 2793
5 501 877 1308 1625 2682
2 602 2831
5 430 516 2373 2395 2637
4 325 999 2511 2726
3 120 220 495
2 1458 2217
4 149 467 858 2532
5 127 1510 1577 1581 1660
7 282 640 1170 1183 1282 1560 2727
4 406 1584 2049 2154
4 1704 1851 2405 2661
4 501 906 1346 1751
4 272 894 1159 2362
2 1165 1466
3 117 1337 1918
6 143 692 947 981 1997 2353
4 689 1249 2580 2729
3 128 1117 2797
5 14 234 919 1092 2314
6 90 366 893 1129 1251 1840
2 219 921
2 140 2385
4 884 1226 1739 2660
3 587 1522 2776
5 87 1080 1858 2380 2813
7 70 203 1333 1666 1894 2071 2792
6 909 1294 1356 1726 2317 2465
3 731 1036 2310
6 844 871 1077 1563 2424 2479
7 383 478 1683 2185 2284 2544 2591
6 468 477 988 1049 1628 2225
4 82 1077 2385 2620
7 361 447 546 582 1095 2500 2751
4 864 1668 1755 2300
6 31 389 417 1153 1373 2546
4 362 793 1845 1893
6 1062 1479 1954 2101 2200 2338
6 54 475 662 885 1006 2524
7 139 1223 1436 1713 1737 2741 2756
4 201 891 1055 2640
6 222 267 549 1174 1715 2517
6 505 845 869 958 2060 2138
2 101 1279
2 358 1117
3 907 915 2699
3 55 702 1410
3 156 1130 2074
3 1261 2214 2627
7 312 1037 1331 1851 2758 2808 2849
3 400 2114 2826
4 173 764 1529 2395
2 1526 1768
3 164 1050 1656
2 327 579
6 132 157 836 1248 1961 2435
6 279 646 1247 1549 2168 2314
4 1091 1580 1926 2819
4 182 228 1786 2845
5 203 913 1168 2246 2659
3 422 1572 2717
6 355 1832 2264 2294 2468 2623
3 1442 1949 2044
7 533 681 1108 1117 2292 2359 2798
3 138 378 2433
6 288 990 1289 1383 1869 2164
5 173 719 1182 1587 1690
7 737 815 849 945 990 1149 2382
2 536 836
6 362 528 545 1108 1397 2773
4 1608 2198 2455 2572
3 1131 1228 1304
3 577 807 2170
7 457 808 1647 1904 2017 2227 2605
3 1566 1715 2496
2 279 1597
2 1379 2672
7 110 211 1077 2277 2414 2666 2714
4 206 1286 2236 2494
5 867 1273 1460 1747 1752
4 938 1483 1719 2581
2 1388 2577
4 232 254 1812 2635
6 87 828 1218 1919 1984 2108
7 227 277 681 1147 1615 1629 2789
5 14 465 781 1600 1909
5 210 429 566 1663 2639
7 299 417 422 1264 2017 2095 2622
2 1564 1801
3 1268 1814 2408
2 781 1671
4 57 1249 1719 2796
3 1221 1272 2610
3 31 941 2123
3 455 1257 1525
5 218 632 1077 1164 1252
7 415 1170 1739 2267 2474 2662 2795
7 175 593 752 1847 1865 1887 2432
6 212 803 1048 1102 2588 2814
6 603 657 961 1241 2048 2098
4 171 846 1175 2262
4 280 1059 1285 2858
3 1278 1830 2309
3 952 1128 1424
2 1137 2328
5 221 553 954 1774 2328
6 137 412 1544 1646 2137 2298
5 369 1374 1828 2163 2166
6 785 1103 1112 1590 1877 2142
5 1099 1219 1547 1805 2822
5 145 306 936 1342 1388
3 436 1049 1227
6 359 1336 1421 2105 2389 2606
3 874 2121 2851
5 71 1225 1530 1776 2592
2 1129 1424
3 863 1497 2590
7 35 849 907 932 1219 1881 2698
7 0 157 211 717 1255 1302 2596
5 224 271 703 1924 2807
4 466 519 556 2734
4 787 1619 2118 2641
2 444 1784
4 61 842 2199 2441
6 1155 1309 1415 1770 2006 2827
2 521 1910
2 2031 2689
5 569 858 964 2170 2506
3 894 2640 2814
4 287 1211 2341 2706
6 75 533 554 599 2237 2662
2 472 593
3 1124 1426 2620
3 876 1515 2001
5 271 383 397 825 2020
5 784 976 1789 2038 2692
5 853 1152 1955 2035 2588
7 895 1367 1642 1988 2057 2479 2612
5 521 758 1027 1888 2291
7 296 1159 1163 1387 2018 2067 2534
2 1379 2224
2 711 2550
4 2030 2089 2449 2609
4 37 447 559 2310
2 626 2722
4 400 491 1667 2115
4 331 1202 1805 2071
6 428 743 1819 2076 2220 2742
4 392 443 1117 2128
7 129 150 380 1024 1754 1930 2749
4 848 1488 1541 2318
2 978 1636
2 872 1597
2 1138 2652
6 1 655 1159 1238 2447 2473
4 882 1839 1876 2755
4 1639 1787 2179 2368
3 1419 2330 2843
5 182 313 492 791 2112
6 32 637 747 872 913 2357
6 674 877 972 2335 2361 2440
2 496 767
4 139 1107 1956 2841
2 139 1222
2 2036 2736
2 1900 2114
7 335 933 1335 1721 1869 1926 2084
2 304 1046
2 2479 2535
4 235 323 839 2004
5 991 1264 1357 1736 1826
7 255 527 667 1720 2171 2174 2571
7 561 654 717 995 1705 2397 2425
4 695 1287 1989 2183
4 646 741 823 2052
2 333 1713
2 1973 2737
2 2303 2788
5 475 976 1359 2170 2671
2 1724 1768
7 484 795 867 1177 1310 2195 2654
5 317 368 645 878 981
3 115 1864 2208
4 650 1523 1932 2266
3 319 1056 2407
7 42 143 448 679 1932 2031 2135
7 658 887 1206 2272 2278 2619 2638
3 310 1812 2264
6 153 185 409 1646 2356 2834
2 108 1774
2 220 297
2 2108 2787
2 267 2209
2 52 79
3 169 1507 1616
3 924 1912 2071
3 315 346 2374
4 896 1682 1735 2636
3 117 2032 2470
6 195 786 1449 1471 1576 2438
7 84 287 665 845 1913 2466 2821
3 88 1448 1564
5 281 677 1103 1765 1867
5 898 1064 1108 1877 2045
5 47 917 1777 2021 2428
6 67 382 403 1501 2259 2547
5 929 1679 2051 2130 2663
2 551 961
3 525 726 1756
2 429 2206
4 613 1197 1548 2837
7 449 522 593 1125 1877 2270 2825
7 33 112 283 327 2030 2116 2346
7 20 800 1104 1314 1586 2292 2848
7 55 75 232 481 720 1054 2236
4 460 677 1014 2275
5 550 552 1404 1871 1940
3 2108 2123 2579
6 231 383 567 883 1174 1685
7 1027 1340 1471 1960 2161 2452 2731
3 485 1027 2430
7 419 579 716 741 1306 1766 2803
5 336 367 506 2512 2600
4 22 1404 1607 2515
5 510 711 1230 1243 1546
3 858 1654 1775
4 387 2438 2440 2726
5 35 683 1856 1937 2000
2 1335 1958
2 623 1286
7 127 457 710 1315 2071 2586 2655
2 1621 2694
7 210 1235 1405 1749 2105 2492 2827
2 1375 2537
5 605 651 1245 1465 1782
2 2708 2782
7 184 1225 1423 1634 1914 2648 2846
4 899 1498 1968 2158
2 993 2505
4 859 981 2108 2749
6 565 842 1094 1793 2207 2840
7 96 276 317 567 1196 1959 2705
3 1460 1493 2577
5 302 311 760 2601 2822
7 30 722 1290 1347 1462 2343 2806
7 199 1450 1605 2024 2043 2753 2798
3 335 889 1770
5 161 357 364 1046 1519
4 715 1163 1300 2595
6 272 492 682 1338 2030 2693
6 198 428 601 1779 1782 2592
2 890 1872
2 314 1079
7 299 505 1206 1601 1742 1825 2459
6 87 202 865 1076 2242 2350
5 94 1723 2204 2621 2664
2 1213 1496
5 344 1722 2236 2326 2673
5 443 454 604 1279 1754
5 87 369 788 2005 2396
7 339 396 466 1298 2052 2169 2230
4 1036 2286 2515 2692
7 280 1091 1333 1560 1636 2378 2765
6 300 378 412 938 998 1962
2 862 1058
6 737 981 1265 1557 1764 2296
3 1856 2341 2507
2 546 706
2 1883 2114
6 529 659 1036 1099 1785 2460
4 199 871 1176 2301
2 495 1122
3 598 2397 2543
4 1588 1835 2350 2603
2 562 597
4 1415 1640 1868 1906
4 539 1428 1921 2004
6 111 184 1457 2376 2628 2846
2 2054 2282
7 65 257 527 674 803 1950 2411
3 132 235 1294
2 154 2853
4 890 2249 2592 2677
6 769 1261 1940 2039 2477 2781
3 204 382 405
3 256 1826 2658
6 380 931 947 1181 2299 2759
4 252 1807 1946 2579
7 293 439 804 1581 2056 2145 2237
2 1039 1413
3 1559 2237 2780
2 204 1485
3 557 1069 2377
4 1532 2385 2461 2825
6 31 34 1463 1652 2297 2643
7 3 153 1057 1131 1277 1508 1819
2 1593 1815
5 681 1143 1170 1784 2120
7 927 987 1575 1853 1954 2306 2514
3 1371 1797 2692
6 955 1049 1802 2309 2569 2813
2 933 2631
7 140 342 442 1417 1506 1865 2781
4 161 1101 1701 1738
2 410 2791
3 1097 1803 2120
2 781 877
6 105 182 310 1356 2012 2389
4 60 103 325 1864
6 329 766 1299 2069 2369 2514
7 183 289 1701 2106 2195 2513 2839
5 550 966 1289 1996 2510
2 1609 2208
7 1178 1656 1763 1768 1884 2170 2723
7 195 444 871 1054 1534 1842 2745
7 428 1353 1464 1635 2099 2203 2384
3 363 1077 2416
4 268 1356 1701 2000
2 340 1612
3 571 737 1627
6 147 928 1533 1985 2205 2822
3 731 956 2453
7 136 611 729 834 1145 2385 2773
3 1285 1826 2413
4 1669 1782 2416 2758
3 186 1102 2134
3 42 680 2795
5 841 1925 2071 2370 2737
6 684 810 1681 1910 2278 2441
5 486 756 1856 2408 2629
6 372 498 1061 2650 2726 2790
7 775 1238 1601 2087 2659 2751 2855
2 624 1405
4 459 833 1311 2393
5 772 1349 1417 1601 1750
5 996 1131 1669 2284 2453
4 221 1761 2280 2503
7 326 491 783 813 1302 1335 2817
6 1363 1653 2072 2151 2177 2429
7 218 833 894 922 983 2373 2556
7 229 472 647 1660 2004 2440 2797
4 376 721 2235 2743
5 103 1074 1301 1460 1888
5 979 1334 1649 1940 2616
2 437 1211
5 462 648 1754 1986 2477
5 240 1386 1468 1809 2018
4 342 1137 1215 2752
6 911 1028 1224 1414 2655 2832
5 1635 1737 2142 2687 2820
4 82 2153 2171 2195
5 178 799 1738 2022 2629
2 1224 2001
3 943 948 1999
6 311 511 538 727 1097 1588
6 31 991 1178 1299 2165 2748
4 95 715 1083 2172
7 902 1302 1713 1865 2434 2449 2573
2 2049 2512
7 319 493 690 1480 1937 2570 2829
6 232 534 743 1108 1575 2845
5 303 768 1944 2675 2769
7 130 136 591 859 1819 1995 2510
5 307 1103 1334 1563 1835
4 2170 2516 2704 2740
7 772 892 1876 1877 2025 2255 2841
7 633 634 1508 1689 2357 2449 2820
5 280 540 1131 2043 2422
3 1543 2412 2610
7 263 436 628 932 1381 1520 1886
3 465 1279 2282
6 558 617 1474 2119 2191 2573
2 1390 2314
2 564 665
5 194 1219 1374 1575 1657
7 544 571 744 1206 1497 1940 2706
2 885 895
4 222 793 1668 1761
4 1207 1343 1829 2258
2 134 1569
5 153 410 528 1803 2325
4 169 326 1237 2856
2 1767 2155
7 310 312 1017 1205 1413 1899 2205
6 312 688 1085 1371 2537 2726
6 429 654 1578 2504 2748 2820
2 826 922
6 463 489 928 1070 1481 2198
3 419 1207 1277
7 325 866 1033 1096 1575 2222 2292
3 800 1296 2281
4 550 619 1350 1926
4 234 1389 1938 2460
5 345 533 774 1696 2546
4 548 771 1467 1593
2 113 2687
4 427 2003 2237 2359
5 259 1392 2163 2522 2545
3 883 907 1294
3 112 302 992
4 393 791 1070 2630
4 37 990 2628 2732
2 1718 1851
7 582 1327 1371 1421 1589 2070 2442
5 127 1375 1842 2435 2514
5 169 1378 1967 2204 2856
6 135 152 851 965 1389 1465
2 1837 2179
7 154 341 1050 1293 1492 1573 2420
4 1183 1272 1275 1436
6 34 175 383 707 963 1066
4 320 845 1652 1840
2 661 779
2 44 983
2 47 1082
4 482 1857 2042 2819
7 853 1251 1281 1669 1772 1829 2115
5 408 1098 1225 1292 2080
5 73 252 636 1856 2207
2 991 993
6 635 920 2441 2613 2674 2833
5 499 904 1596 2202 2547
3 1198 1568 2804
7 458 736 1001 1262 1884 2250 2273
4 947 1196 1466 2597
5 1189 2138 2193 2334 2572
2 409 1225
2 392 1295
5 290 923 1261 2033 2818
4 226 264 1383 2679
5 456 755 2241 2345 2445
7 139 165 779 1866 2069 2099 2132
2 379 2848
2 1459 1727
7 413 1351 1565 1713 2244 2339 2793
7 1677 1798 2160 2356 2445 2646 2691
6 757 1111 1520 2138 2541 2664
2 850 2788
4 4 812 1785 1842
2 624 2778
6 242 564 872 1011 1366 2742
2 1182 1217
2 496 619
7 1441 1618 1627 2224 2282 2414 2754
2 1278 2216
5 779 1469 1634 2595 2808
3 514 2123 2723
7 464 618 743 785 1953 2488 2811
6 279 281 1002 1679 2139 2491
6 381 668 1399 1529 2441 2635
3 2564 2572 2784
7 157 412 797 1037 2151 2385 2728
7 718 812 1404 1449 1635 2041 2058
4 95 205 1807 2304
6 452 1163 1283 1398 1609 2477
2 852 1163
6 438 502 789 1557 1615 2526
7 1003 1905 2086 2478 2579 2789 2859
3 235 1270 1482
2 1648 2437
3 404 1419 2749
7 665 768 1589 1710 2426 2579 2781
2 2179 2292
3 673 2637 2748
2 1673 2682
5 740 1072 1654 2460 2596
4 641 1346 2155 2219
7 591 700 962 1102 2199 2737 2752
3 869 1813 1927
7 170 633 642 1168 1310 2412 2794
3 358 1145 2115
3 1974 2140 2528
2 608 890
5 138 366 1317 1740 2096
4 1259 2022 2430 2790
3 857 1913 2335
4 49 394 2281 2836
7 193 473 1379 1955 1986 2364 2420
7 274 763 1498 1517 2079 2645 2760
3 1496 2386 2638
3 635 1069 2709
5 580 1041 1107 2196 2292
3 413 2003 2299
5 790 1044 1160 1392 2469
3 682 2264 2348
6 18 654 1605 1717 2582 2719
5 736 826 2277 2410 2682
7 144 1529 1756 2142 2421 2684 2720
3 343 711 1019
7 288 415 1628 1678 1757 2089 2659
3 1634 2117 2187
3 73 951 1132
4 205 537 1593 2159
2 2335 2673
7 407 907 1162 1428 1474 1754 2094
2 1626 2117
2 606 2096
5 1122 1671 1956 2030 2601
2 752 2605
4 1177 1428 1551 2591
4 40 1827 1904 2753
5 203 1300 1339 1507 2157
3 1169 1674 2297
7 20 141 1447 1491 1972 2162 2654
6 29 1155 1275 1343 2155 2357
2 1474 2308
4 202 386 482 1986
3 600 745 1294
3 839 1412 1989
4 211 289 2024 2688
2 59 945
7 510 954 1108 1456 1574 1972 2238
2 447 1561
5 1013 1317 1811 1935 2027
2 342 501
4 1439 2516 2718 2744
6 71 349 563 908 2028 2208
3 1978 2409 2654
2 829 1988
3 535 1207 1687
5 873 1160 1166 1196 2451
3 1524 1674 2507
2 47 715
2 1980 2356
2 51 1846
5 215 319 1064 1265 2168
2 2403 2576
4 638 1394 1594 1973
7 78 797 1227 1265 1269 2185 2698
5 567 1275 1491 1818 2323
3 128 460 1471
4 102 292 2207 2531
7 265 1034 1061 1613 1803 1818 1948
7 417 482 577 1157 1872 2140 2560
6 359 528 798 918 2590 2830
3 338 1009 2680
5 91 575 1085 1675 1873
6 42 531 869 1265 1879 2089
3 1045 2163 2813
4 898 1337 2275 2288
3 1019 1931 2062
6 2 409 1121 2252 2351 2542
2 446 828
5 2219 2239 2314 2751 2852
2 1681 2043
2 376 499
6 173 470 1347 1551 1960 2364
2 1234 1253
4 256 672 1182 1677
3 1112 1319 2616
6 379 398 1480 1939 2170 2851
6 294 541 1419 1827 1969 2552
7 560 862 1271 1280 1323 1397 2368
3 801 1163 2856
7 152 709 856 939 1885 1947 2324
2 2395 2552
6 170 203 274 878 1678 2243
3 853 1409 2544
6 301 437 1266 1853 2059 2573
7 797 839 1193 1445 1973 2175 2686
7 251 497 561 772 1188 1394 1999
6 201 211 404 2034 2357 2488
7 10 1012 1357 1469 1767 1925 2302
3 93 1071 2092
5 729 963 1644 1792 1799
5 192 392 1739 2472 2500
2 1738 2392
6 791 1096 1534 1652 2098 2228
4 727 841 1397 2501
7 626 1002 1385 1763 2222 2334 2792
2 633 2434
6 206 784 1793 2171 2366 2788
5 91 305 1081 1210 2414
7 361 416 885 1284 1293 1322 2697
3 487 1836 2591
3 668 1920 2631
6 168 371 523 1327 1515 2670
2 1519 2425
7 438 607 639 859 1340 1510 2175
5 205 424 853 1218 1837
4 561 1392 1781 2280
7 293 409 723 1455 1874 2194 2345
6 668 820 1387 1434 2640 2804
5 22 418 785 1731 2535
5 1199 1379 1541 2410 2497
3 368 1005 2081
2 478 2800
5 756 1067 1922 2033 2368
3 565 1247 2194
6 1002 1469 1546 1568 2022 2399
2 919 1465
2 324 2492
2 2298 2593
7 650 719 1194 1490 2066 2310 2547
7 163 253 994 1170 2260 2340 2395
4 236 833 1103 2807
6 618 1200 1265 2150 2401 2758
2 2301 2692
5 50 1052 2183 2471 2766
2 795 1751
7 583 726 1040 1196 1819 2105 2382
7 61 216 852 889 1899 2317 2500
2 666 725
4 95 1036 1723 2518
2 2637 2793
5 885 1172 1738 1829 1995
7 927 1194 1800 2271 2662 2751 2853
4 1563 1588 1927 2676
2 1302 2262
4 331 1145 2159 2368
2 12 1476
2 1469 1933
2 1378 1519
2 1134 2501
6 62 637 1895 2181 2799 2824
4 312 369 921 2312
2 21 1807
2 963 1228
7 96 153 170 591 907 1475 1568
7 670 1211 1590 1696 1764 2116 2251
4 615 1109 1530 1549
4 63 114 1172 1330
7 123 922 1188 1740 2042 2337 2804
3 214 1329 1927
5 376 1078 1438 1877 2849
5 416 514 859 1750 2386
6 50 431 1301 1624 1877 2201
4 45 586 1860 2487
3 769 895 1923
5 715 965 2146 2566 2772
3 1622 1831 2298
4 597 817 1653 1743
7 197 689 798 800 1370 2385 2562
2 0 1298
3 52 59 60
7 971 1048 1348 1635 1807 1814 2470
5 143 354 866 1041 1765
2 1845 2513
2 600 2677
6 334 524 968 1439 1917 2466
4 2002 2221 2339 2827
6 1135 1276 1330 1464 1644 2017
3 1124 1524 2830
2 365 440
3 340 2214 2420
3 366 1188 1236
7 0 471 1302 1548 1668 2610 2783
7 6 46 437 697 1828 2059 2622
5 398 767 800 1914 2241
6 19 153 254 2566 2706 2844
7 514 772 1230 1760 2259 2415 2802
2 357 1039
6 1264 1476 1970 2026 2195 2489
3 359 639 2245
6 767 978 1138 1613 1638 2454
5 1200 1777 1863 2185 2329
2 411 1851
2 1445 2155
5 487 559 853 1639 2154
3 1904 2707 2771
5 424 517 881 1721 2303
3 190 2084 2269
5 580 1832 2251 2477 2698
6 549 1257 2207 2214 2307 2778
7 31 626 846 1453 2177 2504 2737
7 259 379 985 2012 2179 2448 2496
2 1262 2727
2 1079 1219
4 159 676 2065 2305
6 501 1499 2115 2149 2201 2818
4 449 1648 2328 2605
6 219 2114 2169 2209 2469 2581
7 674 923 949 1177 1803 1883 2533
6 141 364 1448 1994 2220 2659
2 1667 2339
4 1880 2126 2363 2567
2 1589 2364
2 27 2500
3 1164 2149 2850
6 445 658 1532 1664 2280 2545
2 1615 2391
6 139 862 1335 1976 2343 2648
3 281 401 2217
4 24 1055 1680 1764
7 122 134 670 702 1831 2200 2632
6 531 611 1460 1830 2158 2667
4 906 1031 2437 2819
3 145 221 1227
5 702 1591 1684 1903 2665
3 458 1505 1648
5 226 344 2378 2597 2645
7 476 836 1595 2169 2287 2320 2591
5 379 1380 1472 2179 2747
7 60 542 676 1288 1385 1847 2047
4 557 1480 2059 2233
5 840 1875 1969 2593 2687
6 285 1559 1882 2001 2759 2850
4 684 1390 1882 2171
5 888 1918 2074 2429 2566
2 1333 2858
6 314 1401 1626 1812 1856 2621
3 1670 1811 2250
5 1485 1753 1850 2260 2289
3 570 1325 1564
4 1060 1246 2673 2849
2 2312 2565
3 510 1396 2078
2 273 452
2 1178 1395
2 1941 2075
7 310 704 726 1751 1758 1843 2232
5 42 49 434 571 822
4 1054 1172 1267 1865
3 146 1253 1376
7 416 545 561 1894 2161 2236 2377
6 939 1384 1770 1947 2207 2593
3 575 793 1830
4 172 1782 2594 2777
7 591 752 1347 2210 2250 2388 2508
7 12 359 515 549 867 1022 2162
4 44 647 1011 2035
2 50 2843
5 924 943 956 1738 2210
3 305 405 1547
4 285 1925 2220 2347
6 1169 2411 2431 2645 2657 2756
2 1156 1974
4 787 954 1140 1400
5 193 357 1181 2010 2401
4 282 1606 2403 2408
4 1329 1637 2063 2361
6 627 986 1468 2136 2173 2741
5 162 633 1223 1753 1905
7 368 702 1612 1883 2615 2662 2713
5 785 1141 2404 2417 2499
6 174 238 984 1644 1878 2032
2 29 2128
3 1638 2797 2852
7 340 505 798 2450 2552 2643 2848
5 99 720 1434 1670 2053
7 468 898 1568 1862 1912 2170 2496
4 33 52 63 1801
2 1210 2787
7 422 1149 1231 2014 2317 2469 2480
7 130 348 1015 1535 2207 2370 2380
2 917 1226
5 366 974 1690 2493 2698
3 193 1362 2215
4 1342 1452 1674 2852
6 203 896 913 2077 2635 2691
2 389 2249
5 1568 1848 2321 2602 2656
7 143 499 616 1511 1973 2070 2612
2 318 2367
3 304 450 1548
7 229 455 654 1160 2304 2327 2544
3 1528 2740 2800
2 662 1803
7 137 1019 1405 1732 2400 2817 2836
7 716 1023 1446 1554 1749 1967 2536
7 48 363 454 1021 1738 1752 2274
6 116 325 1375 1595 2463 2575
2 874 1396
6 117 436 657 1282 1443 1908
2 108 393
2 1526 2101
3 497 1371 1553
3 57 702 953
6 162 1476 1666 1766 2046 2833
4 988 1973 2024 2806
2 63 420
5 67 206 1398 1859 2473
6 172 330 1084 1130 1548 2419
4 707 775 1656 2543
2 841 2182
3 669 1964 2804
6 234 740 994 1009 1229 1557
3 152 820 1523
4 935 1692 1998 2700
5 125 329 1125 1387 1729
5 764 772 1097 2488 2668
2 1288 1618
3 1782 2295 2762
2 1244 2552
3 421 956 2521
5 272 1089 1317 1962 2031
5 31 167 724 1991 2064
7 254 540 1462 1756 1879 1958 2652
2 506 1648
5 241 523 1208 1295 2796
3 1970 2100 2157
6 536 824 1026 1301 1950 2174
2 189 1766
7 272 412 1404 1512 2063 2247 2438
5 661 902 1006 1069 1085
6 636 1744 1778 2131 2576 2803
5 1393 1601 2239 2335 2823
5 1252 2147 2377 2444 2487
5 85 550 1067 1451 1577
6 558 1218 1954 2125 2223 2462
2 49 1007
5 230 890 1140 1223 1572
4 38 2053 2477 2665
7 337 734 1847 2122 2126 2558 2664
4 750 847 1434 1753
3 444 1632 1636
7 503 1167 1358 1771 2233 2495 2626
2 462 2159
3 186 468 751
3 190 340 2580
4 964 1373 2204 2456
3 280 1082 2534
7 195 339 483 677 1298 1458 1887
3 146 678 826
6 123 1146 1251 1281 1608 2628
7 4 172 1257 1749 1927 2721 2836
5 400 897 955 1246 1574
4 1609 1621 2096 2404
6 0 469 1170 2022 2165 2612
5 288 369 1063 2339 2734
4 288 1359 1408 1465
4 75 163 954 1361
3 59 1721 2291
3 680 715 1542
7 581 747 859 1156 1585 1824 2564
4 114 1196 1292 2340
5 73 1036 2112 2143 2710
2 730 805
5 920 2076 2167 2172 2507
4 2067 2390 2485 2750
4 190 1876 2104 2349
4 309 1678 2030 2208
6 141 1138 1157 1515 2181 2624
7 142 237 390 843 1775 1799 2160
2 1038 1504
2 1114 2020
3 176 2762 2798
7 342 460 1274 1423 2419 2464 2465
7 640 689 916 1004 1081 1492 2184
2 1857 2264
3 688 1169 1769
7 7 187 560 956 1105 1510 2061
6 118 948 1056 1612 2260 2400
7 318 391 776 1711 2000 2236 2446
6 65 1120 1154 1465 1491 2045
2 523 1932
6 715 838 1895 2024 2089 2326
6 242 308 396 1872 2180 2492
2 1472 2720
5 403 1031 1265 1460 2735
6 407 465 1240 2507 2511 2570
6 95 473 625 1133 1630 2208
5 213 671 1425 1772 2368
6 165 766 1299 1697 1832 2486
3 728 1825 2792
3 412 1906 2374
3 269 1904 2830
7 717 1488 1606 1672 1841 2032 2739
5 599 719 768 2545 2715
5 403 649 1268 1431 2504
5 327 590 2099 2163 2267
7 556 983 1891 2051 2228 2606 2841
7 816 1013 1937 1979 2542 2548 2696
7 174 566 1054 2137 2179 2449 2847
7 37 364 866 875 2087 2330 2459
5 529 813 1389 1422 2311
4 477 997 1226 1302
3 335 1252 1329
2 1348 2239
5 641 1399 1468 1714 1980
3 508 727 2106
6 173 522 524 2200 2698 2856
7 171 976 1081 1693 1697 1810 1826
2 1444 2398
3 418 748 2504
7 841 1395 1644 1952 2033 2184 2714
3 1361 1458 1766
4 628 1158 1165 2673
4 1101 1274 2605 2648
6 308 451 1487 1611 1752 2288
6 333 554 768 867 1816 2795
2 1093 1858
3 201 1948 1973
5 250 280 1164 2345 2616
7 309 400 558 1056 1741 2044 2627
7 446 782 786 860 1239 2356 2757
4 1596 2161 2758 2820
4 553 794 802 2702
2 1952 2214
4 678 2103 2235 2704
6 31 650 1142 1667 1842 2258
2 525 1498
3 1251 1649 2370
2 1315 1940
2 84 299
2 154 2280
2 293 662
6 125 281 466 1073 1287 1528
7 231 240 460 495 517 1797 2184
7 823 1005 1174 1852 2067 2210 2537
6 77 581 1257 1561 1661 2403
4 484 510 1379 1381
2 2405 2685
6 113 890 1745 2054 2238 2805
6 459 635 838 905 1736 2822
7 837 1440 2098 2166 2169 2176 2586
3 1118 2160 2593
3 1091 2072 2271
5 273 441 943 1103 1250
4 193 351 1012 2632
5 141 596 601 689 2797
2 146 2719
2 30 2712
7 1230 1443 1509 2052 2136 2398 2764
3 981 994 2859
2 587 2394
3 819 2412 2763
3 1633 1909 2536
7 69 194 467 752 875 1054 1535
7 283 368 380 428 1628 1710 2350
5 68 993 1154 1459 1485
2 1463 1724
6 222 1180 1609 1994 2350 2396
4 375 1263 1459 2306
5 7 179 236 1059 2051
2 969 1304
3 704 992 2673
5 487 900 2044 2391 2587
2 2155 2781
2 48 1075
4 65 236 553 2307
5 647 790 938 1500 2294
7 657 1650 1797 1837 2060 2216 2363
7 21 530 665 1498 2016 2378 2609
3 442 1708 2309
6 203 807 939 1533 1771 2218
4 701 2230 2574 2852
7 371 952 1006 1749 1887 2196 2813
6 121 1615 1719 2017 2190 2507
7 218 549 590 694 1305 2200 2715
6 386 1194 1713 2294 2351 2642
4 11 2073 2224 2784
5 122 2190 2669 2835 2841
3 615 1540 2238
4 44 763 786 1600
2 2487 2549
4 728 939 1578 1874
2 203 331
5 286 696 1395 2290 2831
3 401 612 1888
2 570 1489
4 124 449 1638 2673
5 339 443 600 924 2195
6 292 347 528 2037 2132 2614
2 2030 2469
2 1086 1795
5 139 148 655 1221 1646
6 363 461 573 1755 2062 2639
6 885 908 1290 2077 2203 2322
4 438 653 1934 2149
3 598 882 2778
2 609 929
4 727 788 949 2701
2 70 865
2 574 2088
2 516 1550
3 208 352 2414
7 727 1366 1980 2022 2109 2142 2804
3 1033 2454 2666
6 297 1119 1434 1529 2155 2702
4 286 405 800 974
2 394 665
4 326 1692 2708 2775
7 362 398 587 868 1325 1693 2198
7 114 147 1418 1982 2407 2491 2706
7 288 537 1521 1639 2095 2130 2232
6 21 123 1925 2431 2525 2616
5 153 216 617 2299 2607
5 67 303 849 879 1945
3 2002 2415 2505
7 470 869 994 1120 1168 1280 2857
3 60 1652 1951
6 267 293 325 1362 2460 2669
3 1505 1611 1868
2 512 1262
5 373 650 669 929 1496
7 973 1683 1724 1944 1989 2086 2228
6 211 405 784 1066 2046 2654
3 1826 1976 2449
4 1100 2028 2588 2856
2 699 1808
4 253 403 1532 2218
3 515 703 807
5 911 1344 1605 1902 2269
3 932 1875 2584
2 1430 2689
4 720 731 2224 2558
3 32 76 464
5 221 469 523 602 2039
5 912 1083 1311 2486 2857
6 510 637 1170 1735 2033 2443
7 441 463 517 1091 1466 1473 2769
2 2018 2220
3 278 1365 2091
7 251 391 998 1040 1759 2391 2512
4 650 1217 1603 2350
2 393 1313
5 410 1301 1691 1752 2000
3 489 834 2826
2 2175 2676
6 248 610 674 1940 2130 2184
3 222 1561 1937
6 668 1178 1255 1502 1675 1702
2 286 2537
5 586 1485 2198 2312 2619
4 66 275 760 2398
5 283 801 1070 1829 2348
3 1412 1624 1789
7 416 913 1024 1212 2125 2251 2696
4 1308 1395 1766 2621
3 333 405 1235
5 964 1047 1098 2047 2165
3 529 1962 2068
4 1137 1367 2162 2821
4 16 748 882 1631
5 286 543 780 1997 2517
7 37 184 445 582 1681 2342 2759
6 837 898 1142 1640 1742 2394
6 353 457 925 1021 1621 2596
3 360 1394 2380
7 84 270 703 1080 2148 2559 2635
3 428 1346 1876
6 124 1191 1367 1912 1916 2419
3 35 841 1143
5 55 148 1105 1192 1415
6 351 451 524 1551 2111 2693
7 988 1338 1468 1577 1593 1724 2684
6 381 762 1298 1756 2523 2737
3 838 1646 2727
7 697 909 1922 1972 1974 1993 2698
4 23 201 1366 2307
6 710 1329 1704 1712 1768 2853
6 466 890 1427 1738 2156 2253
5 248 472 758 1244 2743
2 1969 2442
3 1010 1688 1749
2 1696 2749
2 1565 1925
5 984 1349 1601 1783 1979
7 81 160 476 685 794 2563 2631
2 357 1797
3 376 2188 2442
5 837 935 1836 2300 2626
5 465 733 1448 1520 1614
4 294 1161 1517 2858
3 1555 1787 2220
5 213 492 1156 2258 2567
5 276 365 1709 1785 1836
4 797 1611 2717 2766
7 966 1172 1205 1332 2405 2486 2709
7 154 195 814 1137 1709 2163 2815
5 129 499 574 1714 2730
5 363 487 1936 2513 2585
6 161 431 663 698 1414 2299
2 125 2737
4 42 333 1596 2032
4 778 1277 1641 2554
7 13 457 527 655 799 978 2462
6 658 701 813 1569 2677 2823
4 414 1000 1468 2415
4 342 969 1922 2133
6 30 433 673 780 1568 2398
4 454 1482 1538 1699
6 545 1225 2124 2360 2416 2534
2 551 1471
5 933 1828 2044 2489 2668
2 2083 2626
2 275 2468
5 78 1280 1886 1896 2574
5 719 850 1754 2085 2366
6 371 539 1660 2163 2607 2666
4 138 580 1215 2180
4 208 1194 2286 2778
3 871 2167 2485
6 1232 1446 2302 2425 2486 2767
4 403 480 2459 2564
4 331 508 1408 1882
2 1003 1618
3 59 2353 2746
5 412 1648 1936 2170 2803
6 685 883 1276 1670 1745 2242
2 1438 2036
6 160 1293 1737 2065 2468 2846
2 1235 2680
7 366 1843 1858 1901 2104 2765 2792
6 1470 1617 1947 2066 2098 2211
2 593 1559
4 239 548 969 2595
2 449 1405
2 853 1804
7 205 652 904 1270 1581 1834 2213
7 293 458 1214 1300 1781 2556 2837
7 861 1253 2168 2202 2289 2315 2471
6 145 929 1015 1628 1637 2067
6 221 459 633 1764 1884 2506
2 1593 2650
3 104 137 2202
2 1079 1749
2 1898 2081
6 398 1023 1191 1335 2232 2596
3 196 1997 2013
3 32 74 1376
5 575 1305 1724 1820 1853
6 513 840 910 930 2635 2656
4 408 459 1465 2630
4 1194 1831 2434 2801
3 332 1456 2311
5 129 184 898 1598 1621
4 522 1529 2047 2800
7 910 990 1137 1572 1623 2486 2606
4 1181 2267 2685 2731
6 54 476 1501 1796 2736 2825
5 204 1206 1793 1797 2413
6 302 351 590 657 1091 2034
2 530 2021
4 130 1877 2060 2315
5 739 937 1397 1845 1952
6 982 1333 1634 1711 2227 2727
2 2432 2473
5 216 365 545 2005 2244
7 333 1123 1569 1742 1748 2393 2839
7 50 676 1333 1349 1621 1975 2146
4 89 679 2195 2784
2 497 1354
3 1237 2290 2771
2 347 2239
3 1177 1449 2148
4 1450 2204 2297 2610
6 203 522 698 699 783 2209
4 322 1795 2460 2699
5 5 1096 1712 2054 2322
7 234 871 1089 1537 1769 2141 2610
2 1175 1212
4 523 603 1612 1766
6 657 961 1512 1709 2146 2231
3 575 1283 1488
6 142 463 678 776 2237 2502
7 764 1594 2164 2167 2319 2495 2664
3 912 1815 2291
3 1056 1219 1773
5 509 1246 2158 2440 2736
2 1076 1855
2 931 1729
2 1452 1725
3 1151 2286 2849
5 158 634 1300 1355 2516
4 530 1335 1498 2602
4 1758 2435 2530 2740
7 373 867 1300 1687 1914 2047 2823
5 44 895 1280 2024 2625
4 355 1086 2119 2487
6 752 944 1788 1969 2265 2532
2 488 2504
5 462 1695 2085 2288 2801
3 84 485 836
3 941 1448 1913
3 816 1673 2729
6 337 346 530 1215 1245 1613
2 2419 2774
4 500 704 1770 2781
2 639 2420
4 401 505 1040 1151
6 209 570 1604 1757 2603 2736
5 309 599 1352 1360 1957
3 850 1775 2810
6 579 943 1238 1376 1783 1788
4 1389 1748 2432 2454
6 515 941 2057 2304 2499 2623
5 61 701 1499 1812 1872
6 77 572 594 1898 2212 2529
6 1087 1361 1688 1742 2235 2266
6 93 459 583 1038 1901 2214
3 699 1450 2416
4 1345 1492 1871 2248
5 109 1246 1439 1989 2135
3 20 337 1458
4 384 2459 2517 2551
3 432 527 832
6 230 366 924 1239 1320 1828
7 203 1639 1656 1669 2578 2729 2797
2 172 1723
4 1268 1835 1888 2289
4 612 1311 1580 2274
5 69 961 1004 2011 2121
6 262 273 1270 2108 2684 2816
6 1553 1575 2216 2417 2454 2774
4 668 1135 1473 1843
3 34 971 2128
2 1621 1828
6 910 1109 1792 2182 2721 2734
5 70 131 148 362 1495
5 469 1422 1850 2161 2413
3 382 1927 2213
2 469 2541
4 81 750 860 943
4 406 489 1835 2207
7 95 249 298 412 896 1270 1378
2 884 1646
5 1576 1688 1957 2102 2795
7 59 598 608 752 984 1056 2244
5 455 862 1363 1693 2690
2 1789 2303
4 1147 1701 2375 2799
4 941 1335 1842 2099
3 1291 2193 2199
6 481 875 1001 1106 1184 2093
6 460 1038 1330 1394 2393 2720
7 569 576 672 689 1583 2270 2409
6 217 1004 2358 2625 2834 2838
2 1612 2675
2 2045 2753
7 56 806 1402 1521 2168 2229 2661
7 230 504 552 831 1247 1289 1398
2 1488 2217
5 186 1036 1045 2168 2484
5 809 1326 1369 2369 2642
3 1101 1335 1533
7 29 658 1513 1795 1956 2261 2811
5 1123 1431 1755 2284 2523
4 839 943 1197 1651
5 1107 1544 1759 2092 2695
5 245 1464 2157 2416 2546
4 862 889 919 1419
4 1029 2117 2545 2718
6 21 823 1009 1111 2392 2402
4 492 617 1107 2245
5 314 486 2045 2317 2785
4 17 617 756 1032
7 389 425 579 752 1356 1546 2052
4 377 521 2282 2626
6 0 27 52 262 678 1778
4 15 1298 1548 2065
7 966 1704 1964 2180 2241 2517 2583
6 286 413 726 1525 2637 2838
5 117 858 927 1190 1411
3 27 390 637
3 912 1566 2567
3 1864 2696 2702
4 1873 2099 2164 2742
4 205 656 889 2166
3 185 2058 2161
4 618 1385 2236 2337
6 56 1121 1144 2025 2062 2313
4 548 752 1402 2298
6 2 491 772 887 1200 2802
4 550 1071 1311 1728
3 1019 2078 2466
6 1305 1537 2298 2433 2491 2841
3 649 1018 1184
2 255 543
4 64 912 1964 2027
2 1817 2134
4 189 338 581 1074
7 590 1551 1927 2084 2118 2209 2498
3 105 1251 1632
6 407 441 448 1393 1833 2449
7 71 714 1450 1548 2060 2154 2722
5 176 720 941 2158 2635
3 999 1282 2493
7 1294 1669 1748 2160 2342 2432 2697
3 297 648 1650
5 1582 1861 2057 2175 2630
6 268 504 705 723 903 2214
7 297 547 697 941 1021 1455 2203
5 214 364 1040 1159 1337
2 1653 2789
5 33 759 989 1241 2797
6 115 276 437 723 1444 1940
4 327 1068 1360 2497
7 64 459 1133 2349 2478 2479 2656
2 664 2504
7 877 1020 1632 1786 2509 2733 2827
5 215 228 295 1025 1664
5 713 1265 1793 2588 2748
3 477 2489 2648
3 925 2180 2567
7 179 548 1253 1409 2118 2535 2615
5 949 1188 1651 2136 2361
4 22 843 2253 2486
7 37 260 479 794 1489 1763 2754
3 2084 2230 2598
7 230 1221 1408 1712 2582 2665 2839
5 1068 1242 1972 2201 2216
4 383 505 622 1827
6 56 1504 1802 2384 2435 2560
