1077 777
5 361 472 564 646 781
4 173 960 968 977
5 88 506 539 548 1020
2 258 464
4 259 599 712 816
5 137 359 608 913 1044
4 229 649 729 1025
4 278 315 409 467
2 565 700
5 146 303 422 480 840
2 705 977
2 68 144
5 51 81 174 693 1075
5 74 158 291 898 1071
4 257 627 829 1040
4 547 758 802 953
3 700 1019 1063
3 274 387 906
2 342 1024
5 160 314 548 643 874
2 344 413
3 108 701 997
5 98 123 342 580 1066
2 41 382
2 435 918
4 119 134 671 825
3 180 378 524
3 261 295 647
5 341 445 979 1040 1056
2 327 546
5 69 426 532 891 1060
4 70 179 197 1023
3 127 380 494
2 248 378
2 250 764
3 408 420 648
3 601 829 982
4 274 447 646 1041
3 124 149 200
5 112 370 390 405 497
4 187 265 338 710
4 328 337 808 952
5 145 277 314 396 583
4 604 660 781 806
3 456 567 770
2 156 895
2 39 539
5 244 379 457 818 1068
2 313 409
5 424 680 767 907 928
5 476 539 572 979 1009
2 73 697
3 212 759 1026
5 36 98 404 493 839
4 114 619 695 1036
3 545 861 925
5 2 467 481 529 594
3 480 799 978
3 52 65 479
2 127 619
2 881 902
5 321 669 754 935 1021
3 381 511 1034
4 174 339 982 991
5 196 379 476 616 970
3 620 804 1071
2 43 361
5 102 220 241 345 855
5 208 410 465 800 968
2 180 841
4 355 479 500 868
2 514 963
3 448 582 608
2 170 514
3 168 433 978
4 87 221 668 1046
2 124 574
5 198 350 474 791 1033
2 92 727
4 153 631 1045 1069
5 130 237 502 702 810
3 409 753 1004
5 234 276 324 647 843
2 442 734
3 539 557 637
5 14 45 61 926 992
3 203 733 736
5 389 474 784 832 1063
4 179 357 372 812
2 625 871
4 309 593 689 895
5 120 349 712 815 825
5 164 339 619 749 814
3 25 140 1001
2 441 1020
3 396 514 573
5 7 35 325 363 649
5 181 191 344 587 635
5 1 249 430 518 1035
3 25 328 619
4 52 790 882 954
5 45 208 697 743 774
5 51 81 276 346 423
4 227 309 542 708
3 560 660 894
2 696 876
2 161 554
3 469 856 978
5 403 549 745 792 1008
2 203 729
2 502 927
2 579 933
4 194 319 790 1047
5 68 187 341 738 1059
5 102 357 466 676 871
5 257 667 764 841 846
5 5 286 556 582 971
5 113 298 648 887 1050
2 220 510
2 208 680
3 226 891 1074
2 520 1002
5 128 360 638 702 972
5 258 405 940 942 957
4 54 320 383 723
2 948 987
4 160 306 553 914
4 418 837 992 1070
2 320 992
5 60 282 637 742 1011
4 11 103 509 771
5 192 215 604 743 985
2 50 593
4 222 361 390 613
3 19 248 300
5 280 348 790 822 894
3 351 611 953
2 9 292
4 41 65 415 697
4 340 591 795 989
4 403 458 592 795
4 438 466 570 664
5 320 517 701 937 944
2 821 866
3 784 824 939
3 418 508 641
3 227 324 595
5 43 295 401 432 921
3 14 110 350
2 292 1048
3 341 545 717
5 78 195 263 274 670
3 329 579 729
4 563 841 885 906
2 183 272
3 192 815 936
4 167 178 367 518
3 295 377 457
3 208 284 620
2 467 804
2 248 975
4 413 547 658 970
2 693 1000
2 768 774
2 316 352
3 176 291 392
2 592 1035
5 33 306 601 849 999
5 293 625 685 779 819
3 292 910 914
5 180 273 639 766 1055
3 344 550 702
2 505 823
4 47 846 862 939
4 56 178 868 948
5 411 551 618 712 880
4 72 329 499 851
5 54 292 514 769 896
2 149 169
2 408 963
3 124 364 609
3 488 558 711
4 62 300 599 951
2 48 1010
4 189 336 813 905
5 9 232 420 786 877
4 245 645 955 1011
2 229 912
2 895 910
3 174 836 920
2 88 814
4 72 112 132 411
5 34 651 790 818 1012
4 192 639 781 875
2 737 961
4 547 638 819 1049
5 159 579 616 820 965
4 68 78 829 962
2 105 904
4 689 738 862 955
4 106 392 490 493
5 366 480 809 951 968
2 184 633
2 1 520
3 324 444 505
2 414 1008
3 44 564 939
3 419 711 1039
4 211 447 804 946
5 32 497 744 771 992
4 30 67 484 715
5 379 688 924 1055 1061
5 43 60 157 504 569
5 103 364 659 991 1043
5 110 584 705 866 1011
3 162 626 988
5 219 399 444 923 1038
2 153 500
4 305 407 424 592
2 333 968
4 318 784 841 906
2 182 963
4 80 225 773 1030
2 346 463
5 194 537 801 812 889
4 87 103 430 459
3 31 149 1068
4 460 668 730 795
4 94 226 381 679
5 302 737 854 939 961
4 141 340 345 692
4 325 450 816 1008
2 295 837
2 83 1069
5 58 839 871 874 911
4 347 416 912 1045
4 285 561 616 953
2 162 251
3 83 836 970
2 293 714
2 429 1027
5 9 231 423 523 921
3 101 126 323
4 395 488 834 879
2 347 1000
5 165 475 685 788 809
4 143 307 697 820
2 198 449
4 108 659 899 1013
5 147 345 487 627 818
4 2 544 851 890
4 49 546 655 849
5 401 472 618 622 943
3 513 576 1051
5 183 591 711 730 733
2 612 971
3 810 941 1075
2 690 941
4 85 357 393 416
3 17 657 839
3 338 1027 1075
3 790 797 921
5 75 367 368 656 822
2 154 997
5 43 119 647 685 1071
3 395 409 1002
2 474 753
5 7 133 372 489 503
4 106 355 494 754
5 155 303 605 767 802
4 31 401 742 1027
5 162 264 538 883 932
3 165 261 903
3 368 689 908
5 449 558 627 854 993
4 241 467 527 883
3 124 135 1071
4 19 596 667 848
4 24 78 540 1036
5 143 328 382 398 765
4 209 450 762 775
3 141 369 656
5 197 214 406 911 1047
4 46 320 722 835
5 39 334 509 780 1074
4 221 257 400 597
5 46 136 269 441 515
5 95 230 304 377 803
2 162 396
5 297 397 451 862 920
3 657 806 1076
3 140 425 930
3 262 381 578
3 686 703 846
4 111 702 807 911
2 313 465
3 353 471 711
4 16 517 601 690
4 542 614 838 908
3 95 606 882
5 13 694 707 863 955
5 243 410 423 461 607
4 125 406 718 933
2 60 739
2 660 800
2 157 1023
3 732 852 938
2 33 840
2 123 369
4 325 612 742 782
5 76 347 732 835 948
3 86 394 975
2 94 293
2 843 844
2 267 979
5 100 381 422 615 625
5 199 248 542 660 690
2 189 647
4 9 569 957 1039
3 40 150 900
2 259 385
2 19 539
3 46 161 700
2 723 950
4 38 546 632 829
4 355 455 621 783
3 541 981 1044
5 59 63 442 542 626
3 318 343 484
4 401 437 744 977
2 579 787
4 480 895 1063 1076
2 176 760
3 186 235 951
5 32 597 602 625 1075
4 45 241 402 951
5 229 312 577 606 833
2 469 614
3 680 749 998
2 290 974
2 480 798
5 433 575 600 622 636
3 99 747 802
4 126 609 795 825
3 17 161 659
3 169 257 919
3 83 299 381
2 883 985
2 714 891
2 402 1005
4 195 215 483 809
3 280 387 405
3 193 228 747
5 111 395 517 848 1038
5 83 114 149 237 366
3 626 644 935
2 843 1013
3 9 630 864
5 10 135 266 379 655
3 166 249 386
4 85 260 315 1063
2 95 935
3 21 226 1048
2 147 1043
2 495 739
3 155 621 699
4 5 197 309 667
5 132 386 695 984 995
2 384 555
2 47 262
2 663 928
4 19 154 708 926
2 490 706
2 232 580
5 366 432 764 774 950
2 66 851
3 334 396 616
5 201 653 731 828 1053
4 177 372 592 663
3 948 976 1067
3 445 930 935
2 496 609
4 299 493 800 1015
5 91 331 824 889 1066
2 267 667
3 232 504 747
2 311 321
4 173 351 619 902
5 376 549 793 925 931
2 312 574
4 414 490 558 1039
3 112 257 399
3 556 727 963
3 449 700 1020
4 275 406 713 932
5 6 312 369 538 686
2 695 867
2 584 690
5 38 475 968 971 996
3 243 540 799
5 33 72 211 267 454
4 41 349 543 999
3 38 435 680
2 816 976
3 337 367 900
5 120 598 774 974 1000
4 470 549 763 937
4 175 209 254 796
5 182 228 518 696 844
4 8 234 325 597
3 100 158 741
3 276 296 890
2 645 823
3 454 655 1072
3 347 377 732
4 346 432 649 792
4 83 234 416 477
2 174 665
3 335 578 708
5 174 218 266 477 793
4 295 314 642 706
3 295 960 987
2 581 661
5 425 658 975 1053 1065
2 735 899
4 161 426 651 795
2 651 716
4 507 529 705 923
4 251 256 803 1036
4 43 213 372 396
4 57 509 522 1023
5 99 182 306 728 855
2 360 831
3 367 596 809
4 379 440 485 684
3 129 695 933
4 15 77 178 811
2 425 824
3 211 557 752
2 615 724
2 124 370
3 28 672 769
2 68 111
4 247 301 514 522
4 57 331 397 688
4 286 397 448 482
2 36 249
2 382 938
4 514 859 932 1038
2 197 645
2 658 716
3 338 386 712
2 280 466
2 291 682
5 408 637 659 690 836
5 30 456 542 610 1035
2 292 716
4 182 216 245 1056
3 581 924 1013
3 131 892 1032
5 43 165 181 357 453
4 9 131 248 1008
4 213 429 616 691
3 30 461 497
2 241 564
4 144 353 457 1073
4 74 111 250 1034
4 491 648 843 950
2 17 567
2 707 974
5 35 346 880 923 1025
5 298 514 542 659 764
3 216 488 1040
2 157 733
5 54 318 486 674 748
2 127 900
2 461 1038
4 60 255 379 792
4 329 503 615 946
3 214 837 1037
3 604 608 656
5 26 36 548 924 933
4 113 126 371 797
5 139 273 430 509 718
4 302 579 770 776
3 236 523 988
4 5 17 308 488
2 474 919
5 328 399 503 563 622
4 177 196 518 567
2 254 573
2 339 512
5 392 437 555 871 1029
2 14 276
4 336 404 672 1051
2 216 521
2 92 977
3 714 728 968
2 638 992
5 5 125 557 590 669
3 458 580 802
3 8 45 822
5 115 261 689 802 1011
3 700 815 964
5 286 350 594 968 1045
2 335 454
4 495 663 804 867
4 466 797 921 1046
5 154 598 857 1045 1068
2 30 263
4 72 87 407 801
2 122 352
3 407 734 742
5 205 331 385 765 851
4 425 739 870 1055
3 367 612 999
4 200 276 309 838
5 372 397 535 849 854
2 19 508
5 162 414 513 557 919
4 308 438 481 549
5 595 677 782 899 1076
5 623 652 682 753 944
4 455 548 596 963
5 116 227 270 584 1013
2 687 915
5 130 565 729 739 755
2 396 740
3 83 398 905
2 27 75
3 498 615 1002
5 430 578 604 807 1061
3 638 751 779
4 192 728 807 836
5 427 451 516 615 1055
4 321 593 734 992
2 556 1005
3 263 792 1035
4 183 613 934 1062
2 272 674
3 170 208 967
4 9 138 604 944
3 379 735 1014
2 67 528
5 486 571 680 759 811
2 348 499
4 253 264 377 439
4 457 596 640 678
4 136 526 665 959
4 35 287 871 969
3 233 359 657
5 35 520 659 929 1076
5 297 451 464 795 992
4 225 431 680 1025
5 124 252 517 519 548
3 428 525 967
4 404 464 850 968
3 199 451 910
3 281 503 1035
4 31 94 158 273
5 73 125 408 827 1010
5 68 183 560 683 692
4 492 674 731 920
4 329 390 535 777
3 147 377 457
5 89 160 575 792 906
5 214 714 764 786 981
4 38 240 405 1024
3 284 601 1018
2 242 1018
5 56 277 394 697 943
4 279 429 573 705
4 517 744 884 970
2 415 577
3 219 301 1016
2 612 970
4 789 870 971 979
3 10 345 1038
2 6 839
2 177 1034
2 707 833
2 313 870
2 35 137
2 934 1047
3 73 209 848
5 122 339 495 872 959
2 637 710
2 208 710
4 200 468 781 797
3 84 328 621
2 33 334
2 156 195
2 312 387
4 355 620 672 1032
3 53 263 449
2 456 626
4 66 436 808 860
5 72 125 277 561 733
5 38 171 379 480 558
4 197 290 496 828
4 90 973 1040 1051
2 309 827
4 64 157 299 879
4 0 95 478 827
5 141 311 797 1025 1073
3 67 151 1038
2 275 332
4 80 207 265 496
2 341 427
3 115 145 757
2 202 439
5 59 213 410 782 939
4 516 676 709 1025
2 149 498
4 5 596 764 978
2 256 367
5 23 315 728 890 980
5 227 388 412 535 1062
3 195 356 489
3 219 322 862
3 525 734 830
2 54 573
4 108 320 397 454
4 50 369 637 760
4 180 343 829 1048
4 323 424 446 919
2 102 265
4 343 401 554 582
4 619 688 780 1061
3 154 737 908
3 271 429 806
5 390 564 830 975 1030
5 99 545 649 773 827
2 0 39
2 230 995
4 222 602 693 968
2 7 229
2 873 900
2 838 918
2 940 1053
2 252 780
3 345 510 977
4 207 307 741 1055
3 97 243 921
2 103 602
2 509 563
3 7 863 893
4 653 718 865 1010
3 224 421 863
3 373 481 554
3 201 1013 1034
5 478 516 530 617 848
2 965 979
5 57 221 546 746 1040
2 134 920
5 45 242 486 990 1027
2 80 600
2 1048 1055
3 702 757 977
2 172 992
3 0 918 1061
4 76 247 773 965
3 459 660 846
4 159 304 698 706
2 211 1036
5 278 520 769 827 858
4 73 171 223 989
4 242 743 802 875
4 293 409 441 539
5 13 315 424 444 735
5 40 117 411 522 961
2 191 608
5 171 273 389 391 1073
3 8 778 971
2 624 970
3 78 353 744
3 248 571 667
3 33 604 939
4 192 729 844 1061
5 50 397 755 994 1010
4 37 97 547 667
5 77 586 889 911 1043
4 189 353 356 496
5 34 618 627 655 944
4 214 240 503 677
5 441 724 967 1019 1028
2 384 699
3 44 431 536
2 468 609
2 531 1051
5 360 366 600 766 1022
3 5 19 334
2 506 978
3 54 513 963
2 662 953
2 780 1025
4 504 536 592 918
5 89 157 163 817 822
4 71 510 561 1029
5 64 549 775 815 1048
3 555 620 761
3 341 420 646
5 171 174 467 778 916
2 428 564
4 54 184 742 828
5 576 640 662 899 974
5 339 675 872 945 948
5 74 100 324 414 450
2 245 547
4 54 232 495 662
2 328 508
2 729 1013
5 176 290 678 896 934
4 51 255 410 690
5 195 550 603 665 806
2 194 747
2 682 780
2 618 793
4 0 66 270 447
3 419 511 626
3 200 269 825
5 109 350 627 759 998
5 9 71 268 481 776
2 303 683
3 527 678 690
3 188 481 924
2 878 940
4 370 479 711 1038
5 49 179 241 721 1016
2 885 909
4 274 326 648 855
5 243 534 781 844 855
2 735 779
3 284 962 963
2 637 733
3 124 423 879
5 139 148 300 658 919
3 252 321 404
5 15 64 137 513 930
3 66 417 940
5 223 855 877 986 1062
4 436 761 945 1015
2 820 911
4 121 181 449 604
5 17 445 739 806 892
2 734 845
4 425 429 686 808
2 782 927
5 236 329 771 820 1052
5 51 193 462 830 846
2 859 877
4 5 64 841 1031
3 303 332 1053
3 262 316 358
2 218 422
4 101 303 526 720
4 300 441 667 986
3 64 378 614
2 80 784
5 137 336 431 548 749
4 474 554 660 948
2 137 528
5 124 232 264 898 929
5 196 425 638 715 1031
3 771 966 981
3 150 225 583
2 144 967
5 44 241 953 970 977
4 10 236 457 959
3 316 539 906
4 9 12 772 898
2 143 350
3 245 675 936
3 116 327 380
2 428 523
5 28 214 681 955 972
3 542 840 980
