3830 5749
2 2682 670
2 1543 2792
2 2774 1777
2 2522 2918
2 1470 1139
2 1951 3081
2 886 476
2 1835 840
2 1025 3687
2 2144 2876
2 1590 3214
2 1563 2534
2 3546 3321
2 571 39
2 264 537
2 578 3242
2 1522 2252
2 980 43
2 3776 2521
2 86 3809
2 1681 3227
2 2673 2005
2 3504 3359
2 328 2568
2 1465 1027
2 1028 1102
2 3174 2487
2 699 1314
2 2353 3073
2 1104 2381
2 2443 1053
2 3198 316
2 2052 1507
2 137 2471
2 1726 1136
2 3464 2287
2 1364 166
2 3331 2379
2 1895 921
2 2653 3672
2 721 1183
2 9 501
2 1153 2207
2 112 682
2 2300 436
2 3536 2298
2 2628 3196
2 267 3205
2 3512 254
2 889 2546
2 1389 3573
2 959 756
2 317 2703
2 1516 2392
2 685 475
2 3752 2029
2 2930 3155
2 2095 609
2 240 1163
2 3620 2575
2 3224 3519
2 1141 3039
2 2440 1207
2 1994 618
2 2642 3407
2 2894 389
2 2537 526
2 2056 1369
2 537 2461
2 2086 1388
2 2330 2722
2 1503 3202
2 3264 3228
2 238 289
2 1619 3724
2 2907 2107
2 1013 2220
2 1375 3808
2 3415 1277
2 366 687
2 1084 2829
2 2091 3045
2 2234 3427
2 2764 1383
2 2610 3292
2 3484 2706
2 1013 3807
2 3333 2884
2 2139 2039
2 67 2417
2 1808 1422
2 3267 493
2 3144 823
2 1931 3299
2 2343 1860
2 2782 2083
2 2395 2959
2 1338 3054
2 502 1178
2 477 3073
2 2906 1746
2 2759 2518
2 2980 1460
2 453 1155
2 939 1365
2 1001 1191
2 2801 3458
2 1430 1668
2 1135 3221
2 956 2279
2 483 868
2 711 3092
2 688 1764
2 1247 11
2 203 36
2 2329 3780
2 3189 2773
2 1909 2546
2 2938 2007
2 3400 2322
2 1460 61
2 3820 2121
2 954 3491
2 2603 2883
2 1099 2448
2 1632 2535
2 1339 894
2 3771 2357
2 1770 2797
2 715 255
2 43 1648
2 3195 2893
2 2249 2184
2 1952 681
2 95 3235
2 1180 863
2 2019 223
2 472 1627
2 2474 69
2 1679 2822
2 3756 3698
2 420 2770
2 2462 2405
2 152 904
2 2636 2218
2 1595 2587
2 3551 1030
2 1547 2398
2 2041 3051
2 1374 940
2 2332 3167
2 1739 2468
2 1210 2902
2 3503 393
2 1596 2964
2 2390 2436
2 2467 2669
2 3321 3656
2 2708 3584
2 3311 571
2 1179 850
2 1903 3178
2 1285 31
2 318 385
2 876 460
2 1586 248
2 2131 3682
2 1761 1922
2 324 1574
2 3150 2514
2 2478 3427
2 3672 2343
2 682 2539
2 791 1707
2 2796 349
2 749 2921
2 2648 2833
2 262 1629
2 1648 3288
2 2249 2713
2 3148 2877
2 1745 2945
2 228 2158
2 1010 2867
2 1457 1212
2 913 3116
2 3453 7
2 2262 1795
2 716 2938
2 1968 687
2 1136 2026
2 2329 1622
2 2850 2577
2 281 1807
2 1040 3298
2 3581 598
2 104 1508
2 3602 3152
2 1539 787
2 451 3581
2 2321 292
2 3594 227
2 2368 1579
2 2364 3620
2 1541 207
2 3560 3738
2 1183 1178
2 1956 231
2 2924 928
2 1110 891
2 751 2283
2 81 1894
2 1696 3174
2 1774 924
2 610 3618
2 194 1742
2 3182 3310
2 1273 2681
2 2012 2245
2 2330 2270
2 1471 329
2 1498 1970
2 971 2141
2 3060 2788
2 3501 336
2 1802 1560
2 1776 2826
2 3751 2545
2 2097 888
2 169 538
2 2571 3010
2 3421 3374
2 462 3252
2 405 2789
2 662 2701
2 3378 13
2 531 3498
2 1934 673
2 2085 1583
2 2105 1944
2 1357 1835
2 152 2414
2 1115 3
2 534 868
2 2958 3203
2 2918 163
2 67 1127
2 2810 106
2 3429 21
2 3016 2651
2 2900 2461
2 1507 264
2 867 3400
2 3534 1216
2 2795 211
2 2819 908
2 3554 1670
2 1423 456
2 591 810
2 662 1993
2 1957 1963
2 1685 1050
2 3269 307
2 227 270
2 1616 1145
2 341 2229
2 3442 2319
2 2224 3133
2 3339 2770
2 1821 3634
2 3710 543
2 3017 1630
2 1700 1641
2 2344 2486
2 3809 2645
2 3798 1605
2 3782 1173
2 1090 2337
2 3467 2167
2 3391 1631
2 80 3796
2 3775 161
2 1496 3421
2 2662 1070
2 731 604
2 2591 645
2 1319 1110
2 1837 2230
2 3470 3630
2 3380 2327
2 1300 2126
2 1123 2738
2 572 1956
2 3719 1790
2 1475 2257
2 1975 3216
2 1946 259
2 2881 1629
2 109 3429
2 1552 1016
2 3237 1768
2 3495 3453
2 1076 247
2 481 2884
2 3576 2081
2 1273 3639
2 3284 592
2 2451 3166
2 2070 3710
2 936 2123
2 1032 1531
2 1101 2017
2 1322 3494
2 1491 1542
2 642 2869
2 103 1788
2 1282 3420
2 1350 2759
2 2711 1376
2 2726 541
2 2286 3115
2 2908 1203
2 1506 3100
2 2885 3075
2 1540 3151
2 2872 3064
2 617 3018
2 581 592
2 1839 3067
2 3388 315
2 497 2214
2 32 1142
2 3190 762
2 1711 1452
2 1956 1651
2 34 523
2 1759 3642
2 87 1502
2 1987 568
2 3191 1557
2 1260 1949
2 1169 3569
2 2401 790
2 3791 2231
2 2871 1129
2 2203 2673
2 2460 1377
2 21 934
2 2206 3319
2 2028 1396
2 2194 3106
2 289 3252
2 500 131
2 3113 2362
2 3557 1478
2 3641 936
2 3535 2155
2 3384 3599
2 3657 1869
2 3688 483
2 314 1695
2 157 629
2 318 1939
2 2709 1856
2 1575 2744
2 1068 1837
2 309 2761
2 173 306
2 3377 2261
2 900 2094
2 2307 2947
2 712 2882
2 3647 3615
2 3565 1610
2 1971 2035
2 2933 2659
2 608 2482
2 918 2148
2 3297 3058
2 633 2112
2 3735 633
2 3694 2338
2 1303 701
2 944 2878
2 740 3072
2 1617 294
2 3169 3547
2 1066 2492
2 2564 295
2 1200 1514
2 3218 1284
2 3036 2232
2 3386 2915
2 1311 3125
2 223 1601
2 2800 1925
2 3373 3014
2 2975 3721
2 941 1345
2 676 315
2 266 740
2 2427 1182
2 926 1368
2 3591 2134
2 2642 1543
2 175 455
2 2807 82
2 1484 3479
2 508 2805
2 2706 2051
2 2092 3589
2 2400 2110
2 2745 2373
2 1552 3004
2 2154 2113
2 2444 392
2 6 3007
2 2122 3291
2 395 2920
2 3391 3442
2 2591 284
2 1991 2775
2 2087 3175
2 3138 2134
2 2777 1164
2 2219 3352
2 3364 1125
2 1282 2778
2 3411 1309
2 3503 1475
2 2288 187
2 2730 1302
2 362 907
2 3223 728
2 2551 1426
2 2739 1877
2 65 993
2 860 3423
2 208 3298
2 2632 705
2 1715 692
2 2059 770
2 3448 1798
2 2600 237
2 1073 1644
2 930 3041
2 398 1989
2 573 3675
2 2556 2311
2 2058 3657
2 3250 913
2 320 1509
2 938 3133
2 890 3338
2 1174 3414
2 1828 3142
2 471 3257
2 233 243
2 2925 3148
2 2605 869
2 3401 1947
2 1717 2844
2 3778 1776
2 387 3172
2 888 2205
2 3536 2768
2 790 897
2 1413 951
2 3286 1853
2 2901 2739
2 516 3461
2 3517 355
2 3311 1899
2 1344 3415
2 1588 1416
2 3613 3788
2 154 783
2 1201 1172
2 24 3081
2 296 638
2 806 2426
2 2738 2584
2 2727 1055
2 2643 2431
2 1359 1696
2 241 3383
2 1568 564
2 2965 3579
2 2969 393
2 2073 1289
2 810 2718
2 683 2574
2 704 3422
2 100 737
2 814 3140
2 1185 640
2 2274 1854
2 1523 1870
2 58 3542
2 1781 1085
2 1255 384
2 1098 933
2 1057 946
2 2680 3185
2 601 410
2 1562 660
2 2125 3065
2 3069 258
2 3350 1180
2 108 1379
2 3346 2165
2 3156 2354
2 2946 358
2 2031 2740
2 1364 2519
2 3568 3413
2 620 1534
2 1286 1075
2 169 1235
2 2334 2994
2 3221 3385
2 477 2419
2 3579 590
2 1077 1955
2 715 2557
2 1259 2742
2 312 310
2 3081 1150
2 2266 1439
2 1109 384
2 1112 285
2 3706 2692
2 2343 26
2 2697 2033
2 1461 157
2 3439 3661
2 872 1096
2 3513 3410
2 1088 1489
2 1521 2837
2 354 495
2 1346 149
2 599 1848
2 993 889
2 2665 3601
2 1722 2064
2 3611 1063
2 469 987
2 3505 3177
2 2784 3773
2 2384 2011
2 3573 495
2 1586 3408
2 3790 1438
2 2190 1229
2 1534 2699
2 1133 987
2 3057 3742
2 3485 1246
2 3085 1655
2 3428 2133
2 1051 3037
2 1754 2706
2 768 381
2 3698 1913
2 1609 683
2 2798 1177
2 3243 607
2 492 3803
2 1333 1
2 2900 1228
2 2329 2045
2 233 841
2 2552 1624
2 2623 2198
2 507 130
2 958 3389
2 1605 150
2 3293 1216
2 1072 2280
2 2299 3101
2 3515 2961
2 334 2231
2 3675 2775
2 1488 2198
2 1758 2901
2 2697 901
2 1924 2486
2 3398 121
2 436 1568
2 1251 3780
2 3573 109
2 1712 613
2 3816 691
2 1774 3198
2 1297 2959
2 862 3665
2 2416 2340
2 1479 1026
2 3699 1717
2 2924 266
2 1773 2020
2 412 621
2 305 3809
2 19 2273
2 3134 1407
2 2037 669
2 2407 3178
2 3233 3107
2 2621 3734
2 473 2425
2 997 652
2 3286 942
2 2028 1148
2 1483 2583
2 1043 2919
2 2119 3511
2 458 2393
2 2554 926
2 3652 2157
2 1599 758
2 128 1829
2 2422 2182
2 1457 3763
2 2215 1472
2 3480 1967
2 139 2776
2 2582 505
2 682 3219
2 2472 2930
2 1158 3812
2 2365 2524
2 1474 2542
2 715 2977
2 1387 2021
2 3410 1658
2 629 351
2 3456 1236
2 2514 3438
2 329 3294
2 2769 1103
2 1596 717
2 878 2144
2 2009 615
2 2162 2987
2 809 2985
2 3308 1191
2 1210 3744
2 2815 81
2 3454 2816
2 1447 2521
2 1330 3197
2 2771 108
2 2875 3774
2 3162 281
2 3541 1007
2 3213 461
2 3223 676
2 3394 963
2 2214 2630
2 978 204
2 872 2591
2 323 2566
2 1016 3737
2 305 3199
2 977 3037
2 1837 1626
2 553 668
2 1973 809
2 3579 2191
2 3073 3416
2 1263 761
2 3085 1737
2 2380 2146
2 1912 2793
2 3053 3394
2 2190 2403
2 3285 1076
2 2569 3673
2 3703 2155
2 2631 3390
2 1732 1800
2 431 3797
2 426 499
2 400 1452
2 1206 1719
2 2885 3346
2 2743 2030
2 3754 2926
2 3822 884
2 1871 1760
2 3412 1430
2 152 2413
2 3544 3630
2 1371 2293
2 2312 3168
2 574 3537
2 2837 1975
2 2127 2211
2 3436 188
2 2303 1897
2 825 2666
2 424 1811
2 3179 1201
2 2780 3087
2 1120 3795
2 3064 515
2 1175 1442
2 2750 2378
2 1832 879
2 2777 1211
2 3270 1360
2 3177 2137
2 2921 1254
2 2584 551
2 3531 2307
2 3284 3822
2 1187 1990
2 1596 3174
2 1051 397
2 232 2952
2 3667 3598
2 1509 3724
2 814 658
2 205 1403
2 127 3150
2 209 3382
2 742 2371
2 2903 1528
2 3160 2289
2 1006 578
2 2992 722
2 326 1589
2 2736 2207
2 3043 2469
2 407 1412
2 2843 1591
2 2526 3097
2 1598 2674
2 440 3153
2 3350 2802
2 1835 2832
2 2118 1788
2 619 995
2 3395 3715
2 3585 3752
2 2100 2544
2 83 1798
2 2292 2758
2 10 459
2 269 1157
2 1890 2635
2 2135 2310
2 1320 3238
2 3487 667
2 2462 833
2 3548 2177
2 2718 1703
2 1546 1397
2 167 2230
2 3555 3065
2 2933 599
2 1861 1272
2 1454 2856
2 586 356
2 3007 2543
2 2595 593
2 3148 390
2 31 1728
2 3640 3728
2 2683 3035
2 1070 383
2 3205 3406
2 1904 1535
2 2701 2672
2 140 2720
2 457 3492
2 2436 2997
2 2243 1847
2 3799 1048
2 2291 1669
2 2757 305
2 1463 2719
2 3784 2267
2 3109 2342
2 253 2437
2 2096 2430
2 387 1621
2 2267 2463
2 3262 1220
2 3760 725
2 3267 1397
2 2918 2649
2 2544 322
2 1373 3435
2 1079 1680
2 588 517
2 33 577
2 2115 1088
2 525 2341
2 1257 1123
2 2765 3089
2 616 2225
2 2288 1618
2 909 114
2 2793 2644
2 638 2973
2 983 252
2 3097 1201
2 1223 969
2 2184 2402
2 799 482
2 3740 242
2 3694 3567
2 2609 6
2 217 2200
2 2903 363
2 1176 1584
2 688 3779
2 1611 2558
2 1963 3232
2 374 3280
2 1544 2506
2 2099 1631
2 3685 2871
2 1476 3678
2 1529 2936
2 3136 1696
2 2940 1603
2 883 141
2 2603 2410
2 3047 2805
2 1486 524
2 2371 3813
2 274 764
2 801 2478
2 525 3790
2 2716 3684
2 111 3452
2 3092 2251
2 2419 1166
2 2798 855
2 439 1920
2 1496 553
2 1073 282
2 648 1003
2 2793 656
2 1964 425
2 3191 3481
2 405 2153
2 202 703
2 733 1167
2 1847 3582
2 2022 3559
2 1019 1258
2 1106 3757
2 2827 3018
2 3124 2767
2 1976 2769
2 1227 386
2 83 1086
2 1063 68
2 1406 588
2 3024 2900
2 683 2540
2 620 3323
2 1975 3424
2 2313 1851
2 724 3475
2 1920 33
2 2025 799
2 1165 412
2 1844 1330
2 819 16
2 3004 2983
2 835 1723
2 479 3086
2 2850 1305
2 3717 1221
2 86 503
2 2728 2180
2 3624 80
2 2499 511
2 976 3419
2 1306 886
2 234 1813
2 535 3566
2 240 1558
2 553 268
2 2642 939
2 1670 344
2 1493 3695
2 3754 530
2 550 3186
2 3060 2839
2 1204 1950
2 184 3484
2 1925 1418
2 1794 197
2 3490 945
2 324 2068
2 2083 2006
2 991 1624
2 2006 1069
2 466 158
2 770 156
2 1189 301
2 194 2185
2 2983 3425
2 265 1608
2 2635 388
2 2784 2650
2 465 685
2 574 3677
2 3028 140
2 1459 3758
2 1843 3341
2 3330 604
2 1982 3485
2 1026 3505
2 533 3259
2 2694 1532
2 1369 1094
2 564 3049
2 3030 723
2 3401 3121
2 985 1140
2 565 3493
2 3289 587
2 1780 1269
2 880 1300
2 1021 23
2 1457 173
2 2438 1090
2 1484 2698
2 73 500
2 3261 3122
2 2846 2339
2 2426 2429
2 419 2708
2 1000 933
2 2604 2466
2 217 1526
2 3593 2927
2 1463 2831
2 2367 1517
2 1832 1381
2 504 1205
2 2066 516
2 1702 3650
2 2 3364
2 991 2835
2 2791 2579
2 1230 2275
2 1089 1945
2 2785 2881
2 591 1569
2 876 1654
2 1705 1495
2 3482 96
2 25 2092
2 1324 395
2 974 873
2 2216 876
2 2721 2183
2 263 1531
2 2747 2073
2 1216 2003
2 937 2400
2 1351 2448
2 9 1378
2 3307 198
2 704 3285
2 865 3229
2 1982 1266
2 3013 2651
2 2966 2750
2 1996 3327
2 3345 470
2 3075 1234
2 2287 1129
2 3085 1205
2 2818 2823
2 1334 1393
2 259 3733
2 1448 1634
2 2911 603
2 2330 2012
2 2973 3698
2 2541 2714
2 1587 2924
2 1760 2501
2 1163 325
2 3124 463
2 882 2731
2 2107 957
2 2610 700
2 628 1657
2 175 3358
2 865 2296
2 647 3709
2 1519 2449
2 1705 1486
2 1725 553
2 2093 814
2 2015 3725
2 1870 2652
2 3338 2399
2 7 1708
2 127 2684
2 2036 1656
2 478 444
2 2170 3614
2 423 807
2 3354 613
2 801 1037
2 2456 1147
2 308 3204
2 3729 1854
2 3788 948
2 1718 1229
2 3373 3370
2 954 1440
2 3366 3267
2 611 1318
2 2399 1824
2 1671 3825
2 2117 3632
2 829 3594
2 1724 965
2 179 1580
2 814 3159
2 1773 177
2 1739 3131
2 1273 3068
2 3785 2980
2 1854 107
2 1152 3061
2 3292 2593
2 2342 3577
2 2397 427
2 3250 972
2 2101 3038
2 1807 789
2 347 734
2 428 2168
2 1868 3305
2 931 1151
2 1507 3745
2 2784 596
2 3828 1496
2 717 1753
2 337 1876
2 974 2263
2 1262 3589
2 1945 1298
2 1635 2559
2 2172 2609
2 740 1380
2 2014 2060
2 3648 1702
2 2850 3080
2 1378 2319
2 77 2120
2 2204 131
2 1577 772
2 2189 2271
2 3417 3389
2 205 1496
2 1046 2856
2 3563 585
2 1652 1972
2 2874 1702
2 2563 738
2 1604 2728
2 457 3487
2 2218 3685
2 3085 3408
2 1185 2569
2 1102 2143
2 659 1046
2 3792 3617
2 610 1180
2 3706 2024
2 2472 2072
2 554 2052
2 726 2886
2 2188 509
2 833 1935
2 511 3660
2 78 2149
2 2125 487
2 2357 1789
2 3019 276
2 3381 25
2 224 2308
2 2416 3718
2 2116 191
2 2408 2473
2 2795 1023
2 1485 2508
2 789 941
2 523 2888
2 3290 2929
2 1728 519
2 42 2903
2 341 95
2 1367 134
2 273 661
2 3290 2937
2 2824 2765
2 2756 571
2 582 1265
2 2729 1064
2 1684 2821
2 2001 400
2 3708 1769
2 1008 222
2 722 2931
2 2543 1134
2 3278 836
2 328 1155
2 802 858
2 2308 653
2 2430 4
2 1025 973
2 1628 1320
2 257 2061
2 1455 3327
2 1838 2202
2 3136 383
2 3761 3525
2 2331 1902
2 446 3259
2 212 1177
2 3238 3558
2 1370 37
2 2145 3265
2 2115 3029
2 3328 1775
2 3761 1501
2 1851 2159
2 2495 594
2 226 871
2 3704 1927
2 3015 548
2 1581 975
2 1584 797
2 3101 1544
2 3102 3218
2 1484 3655
2 2562 2848
2 472 3171
2 2026 573
2 1945 1937
2 1125 138
2 2257 1727
2 1448 2578
2 2998 118
2 1215 3063
2 2573 3636
2 3732 55
2 3491 804
2 2373 3376
2 37 534
2 2372 1246
2 1819 3129
2 3632 2197
2 261 2277
2 3347 3791
2 1290 2603
2 897 1844
2 3029 1639
2 216 3385
2 2606 2492
2 2411 1566
2 2878 424
2 1162 2830
2 536 1853
2 2801 1818
2 1970 1635
2 489 3249
2 3422 274
2 976 568
2 2843 3118
2 2381 2613
2 880 1977
2 1324 1219
2 102 2174
2 124 70
2 1801 2405
2 916 156
2 934 1386
2 347 258
2 2867 2377
2 2528 3492
2 3370 2717
2 1745 1068
2 649 3353
2 746 142
2 3008 2712
2 1916 3575
2 3548 2374
2 3165 1344
2 3365 2686
2 3483 2326
2 2667 2325
2 2288 3786
2 1802 3433
2 2383 899
2 1912 1197
2 766 2963
2 1623 1389
2 1515 1954
2 1433 218
2 3799 3624
2 916 299
2 82 1671
2 778 1107
2 813 1058
2 2931 1312
2 613 2227
2 3205 426
2 1903 2633
2 1792 3561
2 377 1157
2 2545 1604
2 3276 893
2 3088 2031
2 2767 724
2 801 2960
2 2429 2322
2 3704 2458
2 2296 3789
2 2608 3575
2 2005 3653
2 2458 3615
2 1473 481
2 2926 1267
2 739 3490
2 1283 1082
2 545 2422
2 1549 45
2 3270 3608
2 464 1930
2 391 2098
2 2261 952
2 841 126
2 3266 1555
2 1482 2086
2 1267 2536
2 1512 1714
2 713 2432
2 2246 3576
2 2985 2910
2 503 688
2 2650 3299
2 179 986
2 2258 1447
2 95 3486
2 1730 2743
2 2265 1648
2 2755 3116
2 1563 1294
2 191 1801
2 2986 389
2 2916 672
2 3691 244
2 893 3701
2 2618 3654
2 1290 2136
2 474 2765
2 491 1889
2 3592 2909
2 3094 2347
2 3221 2757
2 585 275
2 394 2668
2 3155 3369
2 2689 763
2 2874 729
2 2401 1437
2 1535 3397
2 2552 3459
2 1979 778
2 3715 3772
2 1957 630
2 695 4
2 2273 1321
2 1537 60
2 2282 465
2 717 2725
2 1817 2654
2 3042 3581
2 658 1527
2 1722 2996
2 202 602
2 3119 705
2 801 547
2 1516 1208
2 1955 1836
2 160 601
2 1187 102
2 2639 453
2 1184 1441
2 1386 1069
2 2423 233
2 189 1585
2 2264 2908
2 2148 763
2 3759 1369
2 640 3523
2 1408 3775
2 3131 2055
2 797 1413
2 1530 206
2 2766 3515
2 2714 3705
2 272 2424
2 2886 64
2 136 3240
2 2552 3676
2 252 1848
2 1492 1602
2 2097 1650
2 1217 2513
2 787 3271
2 2776 624
2 598 1186
2 1937 2171
2 3021 2560
2 3615 1052
2 2923 1225
2 3637 1709
2 736 1065
2 2209 3104
2 1195 1619
2 3605 1812
2 2849 367
2 48 1667
2 1984 3811
2 2287 1020
2 773 1557
2 3229 2547
2 900 1566
2 240 1318
2 3572 3256
2 2043 1819
2 2260 2200
2 3186 2572
2 2425 2906
2 2026 2253
2 631 885
2 3591 1978
2 1963 1504
2 1631 1468
2 2548 3154
2 3019 2641
2 1279 1419
2 341 752
2 921 2142
2 3501 1370
2 1156 3204
2 1288 2653
2 979 441
2 719 1998
2 37 254
2 877 2439
2 3375 1928
2 362 1678
2 2448 1460
2 3424 3644
2 2176 1670
2 1613 3522
2 1188 1889
2 3026 3397
2 1687 152
2 3268 2694
2 1676 2735
2 2428 2634
2 3621 1000
2 1879 1530
2 3306 513
2 2568 1603
2 1480 2842
2 210 2539
2 3782 1522
2 3200 963
2 258 3405
2 3161 2522
2 2679 3781
2 1084 2852
2 1264 795
2 112 798
2 3200 2634
2 663 3801
2 2093 2511
2 1709 1753
2 95 1421
2 941 1010
2 1862 3046
2 2658 2748
2 2615 1797
2 1082 861
2 1981 319
2 1410 1047
2 2615 1042
2 3173 3446
2 721 1429
2 1043 2447
2 1629 484
2 1776 512
2 1244 3317
2 3557 3611
2 2315 3728
2 2714 1904
2 3795 2737
2 3535 413
2 697 1448
2 3729 472
2 1139 3042
2 3731 2819
2 796 3101
2 2958 3286
2 166 1690
2 3659 3677
2 2923 1834
2 2608 3284
2 586 2820
2 1467 64
2 902 2142
2 3745 3541
2 3561 3540
2 2186 3335
2 877 3691
2 78 2248
2 1713 2096
2 3822 996
2 123 3667
2 3420 2044
2 3407 744
2 954 2972
2 15 953
2 2503 1236
2 1316 3079
2 213 2956
2 610 1361
2 3133 234
2 474 427
2 1598 2091
2 1114 3814
2 2570 710
2 2869 629
2 2018 1417
2 1383 786
2 2862 3693
2 2480 3670
2 1026 1919
2 3821 1988
2 678 2439
2 1567 2450
2 3487 3386
2 1457 1784
2 284 2631
2 1408 3187
2 3015 3268
2 3810 1772
2 1075 420
2 832 1063
2 3342 1924
2 3139 1331
2 2040 2222
2 2475 3322
2 3812 2425
2 3222 1392
2 1505 1790
2 11 943
2 1431 1291
2 3735 542
2 2197 1869
2 2448 19
2 859 272
2 1542 2125
2 778 70
2 2437 3529
2 1588 3257
2 2087 3290
2 3304 3031
2 1591 3574
2 1905 3361
2 112 1781
2 1770 1851
2 1018 1689
2 3798 1392
2 220 1891
2 3067 3516
2 33 3077
2 634 3537
2 2557 3691
2 1992 2974
2 2612 3341
2 3496 1363
2 1441 741
2 574 788
2 2454 1510
2 1144 1826
2 3211 874
2 1615 628
2 3259 2891
2 1348 3784
2 2649 2853
2 357 1258
2 3263 932
2 343 3515
2 843 1760
2 3178 362
2 1077 1456
2 1983 3521
2 3757 1726
2 2027 1166
2 2270 1160
2 2273 1513
2 966 1701
2 522 2589
2 2309 2970
2 1421 738
2 2393 1265
2 13 3826
2 3466 2138
2 1094 1498
2 442 803
2 112 2453
2 239 230
2 704 3808
2 2616 2614
2 256 2246
2 3823 2762
2 1950 35
2 2093 3543
2 923 3262
2 759 1864
2 2227 1809
2 2712 712
2 3390 478
2 1333 3824
2 1254 2254
2 2565 997
2 2880 909
2 3032 485
2 1389 2213
2 811 953
2 245 1593
2 1947 1575
2 2221 53
2 3596 3411
2 3495 3714
2 1733 2041
2 975 1074
2 3204 438
2 2433 3503
2 3455 2237
2 2611 1905
2 3351 2204
2 201 2025
2 2924 3000
2 1820 218
2 1140 1863
2 845 3666
2 635 3473
2 1883 3565
2 172 1686
2 1413 2704
2 3696 469
2 2169 1724
2 2481 1453
2 3544 2969
2 423 2994
2 468 3769
2 3577 149
2 3653 3756
2 2206 1490
2 107 3254
2 1372 3719
2 2182 1664
2 61 1170
2 304 1423
2 1028 3393
2 2647 1328
2 385 2358
2 3321 42
2 1593 2660
2 1999 457
2 807 2528
2 3409 2720
2 793 1465
2 1834 3078
2 531 1541
2 472 1457
2 1616 2691
2 1166 2089
2 295 371
2 850 3209
2 3018 120
2 3095 3315
2 3750 2082
2 1089 3024
2 2168 2537
2 829 743
2 1955 3263
2 690 2616
2 3334 2578
2 3000 1141
2 3618 1061
2 3775 2551
2 2101 2477
2 560 1175
2 3827 2796
2 2709 1279
2 448 754
2 2369 2056
2 3003 1390
2 1060 1293
2 237 2313
2 2339 2596
2 2957 3635
2 2117 2160
2 2343 528
2 3744 2228
2 3599 1982
2 3527 122
2 2821 2681
2 1162 179
2 3378 2719
2 2324 492
2 2077 877
2 2275 2679
2 3658 2541
2 3098 3500
2 430 2039
2 3458 2460
2 2611 644
2 40 1035
2 2911 3600
2 125 515
2 3624 1089
2 2622 1253
2 1319 2446
2 707 1053
2 2324 839
2 3188 666
2 706 1008
2 791 3383
2 526 252
2 2834 647
2 72 2747
2 3725 2929
2 2971 2417
2 1259 3323
2 2580 2305
2 2717 2146
2 345 3140
2 3086 2807
2 2075 1930
2 3471 3274
2 2186 2409
2 144 1337
2 3568 1470
2 2078 1918
2 3715 3477
2 3587 1712
2 1381 580
2 2514 545
2 858 3176
2 1303 914
2 24 379
2 1852 3633
2 3065 878
2 3102 1879
2 2872 2278
2 375 1621
2 945 3688
2 195 3590
2 198 248
2 1119 2275
2 181 2244
2 1447 207
2 2000 2701
2 3430 175
2 1787 3135
2 1693 819
2 1146 3186
2 1402 1463
2 2904 1600
2 97 1357
2 1900 2810
2 948 2815
2 1082 3539
2 1593 3612
2 2164 949
2 2970 318
2 2633 2000
2 2965 607
2 301 3446
2 702 1871
2 3718 2511
2 1150 1257
2 2818 326
2 2539 574
2 3416 1242
2 1930 2418
2 1410 2048
2 2811 1961
2 25 428
2 3193 3794
2 3399 3518
2 108 2256
2 2562 3157
2 3577 2941
2 1362 2654
2 2863 978
2 105 3030
2 1211 3135
2 1848 1868
2 166 3705
2 2280 803
2 503 2361
2 416 1045
2 2412 1222
2 2749 609
2 405 2454
2 2503 1315
2 1335 1917
2 1610 890
2 619 1935
2 2840 2744
2 954 2500
2 2493 339
2 1927 2351
2 2086 1661
2 3000 421
2 1289 2896
2 428 699
2 3397 333
2 814 2318
2 1071 1716
2 52 17
2 2303 3628
2 2875 2
2 2289 3621
2 1645 1873
2 3785 544
2 2560 3153
2 997 3625
2 1596 3563
2 1278 1154
2 184 694
2 125 1304
2 531 2527
2 3652 735
2 116 2931
2 470 1149
2 647 2235
2 3797 2564
2 854 1628
2 3022 3507
2 1953 2607
2 1494 3801
2 57 2606
2 2031 2483
2 973 595
2 2379 2887
2 1114 715
2 2906 3080
2 1514 3103
2 2828 704
2 2221 2194
2 885 3170
2 994 955
2 3449 3307
2 2951 1314
2 947 2970
2 814 170
2 2719 1632
2 1070 1922
2 2849 2824
2 3356 674
2 3264 1822
2 3303 50
2 1070 627
2 753 520
2 34 260
2 2527 3320
2 2711 1708
2 3271 155
2 2125 332
2 2254 2479
2 3817 3318
2 2271 3370
2 2271 1268
2 396 2580
2 2135 3420
2 1834 898
2 1491 1264
2 3764 730
2 3692 1738
2 467 1688
2 3237 490
2 151 3500
2 1514 1230
2 1103 697
2 3660 1116
2 487 1221
2 895 2662
2 664 2208
2 3493 3768
2 2587 1768
2 1645 2638
2 643 3375
2 3535 632
2 3407 1783
2 173 302
2 975 1348
2 2462 363
2 1164 3619
2 2405 581
2 112 2665
2 3521 3374
2 784 121
2 1358 2196
2 2533 3163
2 3619 3707
2 1710 2657
2 241 1929
2 1709 2766
2 3291 2090
2 186 2364
2 153 467
2 2655 104
2 1473 2763
2 717 196
2 1850 1814
2 417 2027
2 3340 296
2 2740 2950
2 3099 1431
2 3577 1067
2 434 2920
2 1602 375
2 3765 2622
2 3171 3144
2 1812 3038
2 3019 2163
2 3732 1086
2 3407 3248
2 2144 1321
2 2360 1931
2 2706 2183
2 650 3044
2 1119 2679
2 2571 2764
2 493 3008
2 1988 3671
2 366 309
2 1655 2217
2 2348 790
2 2960 2080
2 2833 2192
2 1592 2260
2 3607 3522
2 2759 2814
2 2370 3376
2 379 154
2 3750 126
2 1968 3497
2 1654 3764
2 1111 1632
2 1469 2463
2 2903 1743
2 3082 641
2 2041 1473
2 1907 666
2 893 56
2 2284 1336
2 3321 3804
2 1870 2817
2 1016 2988
2 1130 3800
2 489 2291
2 3216 2037
2 3807 2047
2 2886 1226
2 2201 2857
2 3069 3586
2 3779 3772
2 1734 1823
2 1775 3553
2 10 2512
2 1960 186
2 2544 3748
2 51 3227
2 380 2846
2 3266 2241
2 1548 2084
2 2547 3293
2 3794 26
2 190 3457
2 2537 1938
2 1513 1573
2 3169 1368
2 821 2895
2 1097 317
2 2094 3167
2 2899 3185
2 2435 1893
2 2288 1295
2 3279 1435
2 1343 703
2 3070 318
2 2257 54
2 888 2147
2 3263 1058
2 1146 2643
2 2483 2767
2 3332 2286
2 3108 1366
2 187 3656
2 386 711
2 2886 1984
2 2093 550
2 523 1684
2 1868 2640
2 988 1521
2 3667 40
2 2627 768
2 2084 391
2 2597 1727
2 2781 320
2 1002 2516
2 2836 2852
2 965 3622
2 1767 1739
2 233 3723
2 467 2028
2 2804 1083
2 3263 143
2 2627 1729
2 769 1251
2 374 2443
2 987 2295
2 1274 2131
2 3582 614
2 105 2069
2 735 648
2 3549 643
2 2670 3669
2 2918 1425
2 3085 756
2 2193 370
2 342 3212
2 560 2276
2 283 3340
2 1519 1274
2 1108 1862
2 129 1899
2 259 680
2 2715 1791
2 1493 1297
2 2761 880
2 13 955
2 1496 112
2 109 731
2 2286 2452
2 3064 2554
2 2995 3234
2 221 238
2 2956 433
2 1431 3632
2 3251 2604
2 1159 527
2 1988 2693
2 606 2476
2 295 1581
2 708 655
2 2335 145
2 3792 3404
2 79 1773
2 1084 299
2 1717 1214
2 3721 528
2 1624 2520
2 2074 600
2 3287 3619
2 407 2615
2 1983 3152
2 2067 65
2 1153 2068
2 1904 2555
2 2956 1592
2 39 934
2 49 1481
2 505 2594
2 540 448
2 3079 1015
2 486 3274
2 3654 1720
2 3362 184
2 3283 3076
2 170 401
2 3535 306
2 1434 902
2 602 1275
2 3022 1540
2 3575 532
2 2347 1454
2 3434 2265
2 2592 2193
2 2280 1554
2 626 3229
2 83 3078
2 1748 793
2 3336 2211
2 3746 1038
2 3456 2840
2 2287 912
2 3767 754
2 3334 1679
2 2793 2285
2 1335 992
2 2613 2216
2 163 1772
2 110 447
2 1378 1281
2 1231 1864
2 2460 708
2 2878 3253
2 567 631
2 2356 711
2 1582 1690
2 3161 3189
2 3059 1691
2 1845 3627
2 620 3553
2 616 2850
2 1416 1577
2 3051 1885
2 316 3344
2 796 1588
2 1677 962
2 1872 707
2 2392 3521
2 1246 1339
2 1304 2897
2 2862 2817
2 3165 2889
2 3183 1146
2 3476 1730
2 3704 1207
2 1492 823
2 2933 864
2 2797 527
2 1405 3074
2 2567 47
2 1466 2284
2 1718 2713
2 3464 2223
2 284 1962
2 3564 779
2 2169 1755
2 1303 3283
2 1887 3730
2 670 775
2 2975 2710
2 6 1371
2 2945 345
2 3295 2742
2 2355 1799
2 3243 2745
2 421 2475
2 197 718
2 1590 3194
2 3633 1313
2 3027 1179
2 2615 1477
2 3315 2459
2 839 1954
2 1156 974
2 3171 2356
2 3359 69
2 2395 2864
2 3324 1376
2 1658 2116
2 3137 981
2 3364 476
2 2834 2267
2 2217 1820
2 2252 2111
2 298 1992
2 1147 1269
2 749 1828
2 3638 1335
2 1483 458
2 792 75
2 3186 1843
2 2498 2399
2 3098 2756
2 1315 3568
2 2029 1257
2 3736 2859
2 3642 2949
2 153 432
2 393 663
2 313 3330
2 1157 1901
2 381 3225
2 1986 3322
2 2688 985
2 1067 3526
2 232 900
2 815 2750
2 2254 2951
2 2214 1123
2 1864 1317
2 3293 3571
2 2327 89
2 455 3641
2 2441 360
2 1271 2404
2 1295 1948
2 72 3055
2 2743 15
2 3611 3287
2 193 1612
2 1884 2441
2 3202 664
2 1364 2892
2 2645 1832
2 1521 2358
2 3319 354
2 1900 1024
2 1005 3741
2 1568 3114
2 2278 3212
2 1838 2803
2 246 3247
2 3095 496
2 2339 3762
2 2776 2898
2 730 1665
2 3091 3203
2 809 3107
2 1382 3056
2 1172 1503
2 1940 99
2 2891 1385
2 754 167
2 2537 1500
2 3405 2273
2 1111 2389
2 2609 2456
2 651 698
2 1088 1705
2 2050 2337
2 2816 3277
2 1277 2444
2 1405 2449
2 1481 2979
2 1567 3182
2 2260 2444
2 531 2076
2 644 1450
2 3455 115
2 2874 678
2 1868 2421
2 2637 614
2 2724 1968
2 1329 2755
2 2503 1095
2 2258 73
2 1338 1093
2 2113 1667
2 1772 1334
2 1479 2095
2 3646 2066
2 582 2364
2 3142 1924
2 830 3489
2 2335 2000
2 899 3538
2 198 2594
2 3161 468
2 148 1427
2 2011 2590
2 477 1520
2 1982 3391
2 1006 2990
2 3180 510
2 2079 278
2 1002 615
2 1779 2281
2 1500 1404
2 722 2846
2 2674 2093
2 2454 330
2 990 1980
2 1028 2874
2 33 2800
2 2465 791
2 2283 1683
2 1723 2693
2 2108 3690
2 2076 1102
2 3473 1668
2 3743 2016
2 2429 2550
2 2489 194
2 918 403
2 1701 636
2 2371 2598
2 3147 1186
2 1014 3222
2 2251 3156
2 2586 2433
2 2662 3418
2 1265 1888
2 364 479
2 2043 1324
2 3533 2334
2 1979 1643
2 2547 2424
2 3327 1083
2 2590 765
2 3431 1352
2 2009 1044
2 3435 3103
2 3584 2628
2 1587 171
2 3815 1649
2 2904 2013
2 129 1766
2 1303 1073
2 1959 2049
2 2334 3208
2 3468 471
2 2775 2494
2 3432 148
2 2500 995
2 2666 1640
2 886 979
2 522 2043
2 3579 237
2 1379 2074
2 353 540
2 717 2336
2 843 1933
2 1903 1512
2 1188 1350
2 235 563
2 3082 3083
2 487 1113
2 3357 2667
2 1706 437
2 1502 2530
2 3073 151
2 235 1273
2 2591 2661
2 719 60
2 336 3351
2 2935 1016
2 1833 443
2 3134 3806
2 1217 1060
2 3613 250
2 2500 399
2 2336 2550
2 3376 693
2 288 3762
2 2935 2690
2 3492 1391
2 2106 2199
2 3355 2044
2 1837 1736
2 2711 1563
2 2781 3210
2 108 2845
2 2943 2630
2 3099 3031
2 1403 3727
2 3325 3654
2 1245 2589
2 1834 226
2 1136 3326
2 215 906
2 3251 2247
2 1755 2462
2 3392 552
2 2377 2414
2 3044 2140
2 1092 1609
2 2967 3523
2 132 584
2 2100 1996
2 392 2317
2 2653 1408
2 1406 2689
2 764 62
2 855 2505
2 492 1398
2 2569 1506
2 241 3816
2 3231 2806
2 2878 313
2 2576 865
2 1059 857
2 1126 1604
2 2115 2618
2 2240 1752
2 1437 147
2 831 341
2 506 3743
2 1688 2429
2 1766 2240
2 1335 3430
2 2908 2316
2 1917 1179
2 1169 797
2 619 278
2 3648 3467
2 1175 2576
2 639 2378
2 714 132
2 184 283
2 2400 113
2 2523 1564
2 2567 2061
2 988 399
2 3476 2528
2 16 338
2 2715 1802
2 1054 3194
2 3727 3387
2 2053 3777
2 3398 3183
2 3295 2573
2 3150 2490
2 1605 1617
2 2694 3348
2 331 2321
2 925 2592
2 3079 1740
2 2731 2563
2 2320 76
2 2176 2379
2 598 1162
2 1906 251
2 2690 1840
2 810 2172
2 2390 873
2 3379 2297
2 1325 2753
2 492 1882
2 2854 3510
2 2062 585
2 1515 59
2 572 1559
2 2836 423
2 2497 90
2 3652 3520
2 2581 3098
2 3053 1363
2 3217 1556
2 958 2993
2 3820 323
2 3804 3055
2 2290 3027
2 1928 591
2 3020 3637
2 1334 297
2 410 894
2 2111 1359
2 1655 1980
2 360 1808
2 1297 3550
2 278 554
2 1438 3616
2 452 2126
2 3156 1456
2 3581 808
2 2843 480
2 2054 3713
2 2945 3443
2 3316 1791
2 3631 442
2 3505 608
2 2677 1021
2 2247 3785
2 342 1290
2 1012 1181
2 856 1471
2 3344 780
2 3272 1580
2 2608 1494
2 1747 1806
2 626 1127
2 936 265
2 105 3090
2 440 310
2 1132 3569
2 3659 1298
2 3134 1092
2 319 3312
2 2356 2683
2 3547 2386
2 2569 1445
2 1362 3372
2 1693 1695
2 1630 3342
2 2670 1849
2 2378 3726
2 476 93
2 452 249
2 3494 2365
2 1550 2974
2 435 968
2 3482 927
2 682 1154
2 1949 86
2 2284 520
2 88 2502
2 2180 2601
2 28 826
2 1661 1133
2 54 1140
2 2874 288
2 692 2384
2 899 3282
2 2543 2585
2 3457 67
2 1199 2680
2 1079 176
2 2453 1282
2 2527 806
2 281 1840
2 1932 2498
2 1195 1721
2 2305 3566
2 3066 2055
2 1751 1313
2 1284 2099
2 3409 821
2 184 1059
2 2892 2175
2 2382 665
2 2135 1296
2 1850 1112
2 549 1074
2 3110 2302
2 2152 20
2 3635 1912
2 1934 3798
2 3602 1572
2 2535 1344
2 2752 1971
2 1194 1839
2 3061 2369
2 1159 3819
2 253 3230
2 1218 3783
2 3139 1747
2 2641 267
2 3228 2907
2 2813 343
2 3462 1625
2 3147 922
2 3171 63
2 418 51
2 939 2858
2 2871 3314
2 755 2958
2 199 1597
2 2343 214
2 352 2153
2 3446 2377
2 3097 3504
2 2585 1040
2 3243 822
2 1336 1382
2 2248 158
2 2729 1838
2 253 407
2 1113 1923
2 380 2009
2 3354 1607
2 699 1821
2 2132 77
2 729 1926
2 3211 2838
2 3668 1674
2 3361 2435
2 726 3447
2 3452 1590
2 369 1852
2 3519 1860
2 3369 3681
2 942 2915
2 2492 452
2 3216 575
2 788 2801
2 3072 3623
2 1080 262
2 666 1630
2 2799 3659
2 1576 200
2 3783 1120
2 2807 1914
2 499 3268
2 2556 1288
2 3139 1665
2 485 2727
2 2832 57
2 1758 2306
2 1470 292
2 1092 1147
2 27 3228
2 959 3279
2 3706 172
2 2126 2866
2 1546 765
2 3158 3233
2 1838 1726
2 2460 98
2 615 3436
2 3082 1100
2 2383 3448
2 75 3409
2 1300 669
2 1351 2312
2 3415 2704
2 59 1020
2 716 3317
2 1660 3403
2 3239 192
2 3237 3716
2 741 3536
2 2756 3136
2 480 2174
2 94 1316
2 2659 684
2 1345 3273
2 309 1722
2 2753 331
2 3034 838
2 334 445
2 1767 2274
2 3088 1478
2 1118 1164
2 92 286
2 2455 2197
2 417 1013
2 1907 2469
2 3588 2590
2 1121 2861
2 2022 3509
2 517 757
2 965 3771
2 3803 2939
2 2079 497
2 2320 1393
2 671 2472
2 1266 2274
2 872 3450
2 191 3800
2 2357 14
2 3499 146
2 746 2755
2 2385 1199
2 327 916
2 2595 115
2 2687 1223
2 1725 2087
2 406 1293
2 2233 1189
2 2112 773
2 851 710
2 2081 3266
2 3651 1165
2 927 2172
2 2622 1301
2 2482 3328
2 742 364
2 2486 1757
2 3289 2992
2 3657 3380
2 3667 555
2 2561 2912
2 536 1330
2 3333 779
2 1394 1036
2 2037 642
2 1598 1117
2 1805 3706
2 1694 1903
2 3693 251
2 1959 714
2 143 183
2 2186 3216
2 1617 1995
2 437 1562
2 2328 2143
2 3322 1682
2 1437 3751
2 2162 2745
2 2331 3768
2 5 2344
2 776 1443
2 2347 561
2 1537 3636
2 3678 273
2 1903 2506
2 3520 2090
2 3697 1888
2 2812 1908
2 1670 560
2 3807 298
2 3463 190
2 1791 2049
2 2870 3125
2 1254 827
2 3352 2185
2 1296 2844
2 1898 3495
2 291 2409
2 3816 2738
2 1396 1465
2 102 1511
2 884 2972
2 1936 250
2 1873 2269
2 63 1213
2 2163 1196
2 1536 2501
2 402 3398
2 1756 229
2 3724 286
2 360 3014
2 3693 3062
2 943 1555
2 321 24
2 100 3472
2 3034 3114
2 452 1594
2 815 510
2 523 2658
2 7 3629
2 1451 3530
2 729 2268
2 2565 567
2 3198 3
2 3723 417
2 1317 2445
2 443 2226
2 1921 558
2 3345 2192
2 2907 1327
2 2814 1062
2 1285 1497
2 3480 2095
2 1566 2216
2 368 1444
2 766 2533
2 2572 2855
2 3068 827
2 2735 3814
2 2057 1959
2 2933 1049
2 317 3730
2 1098 2147
2 3050 382
2 1735 1664
2 1990 3704
2 2188 311
2 2014 17
2 2954 2854
2 3221 1432
2 1540 1516
2 2476 743
2 3679 1332
2 1107 1224
2 1643 1573
2 2592 3604
2 2610 1492
2 3759 610
2 559 2581
2 2873 1420
2 51 2168
2 1373 3119
2 118 3447
2 3650 3610
2 2327 2989
2 2454 2225
2 2602 2597
2 1411 2984
2 2381 148
2 359 2078
2 3542 3793
2 1211 3336
2 635 3403
2 573 2107
2 2465 1795
2 3608 153
2 966 3580
2 356 3052
2 1533 2940
2 3746 872
2 1698 3451
2 412 3318
2 2582 1897
2 1847 1243
2 1072 1943
2 3822 3827
2 3651 1831
2 308 3491
2 345 3548
2 339 1548
2 3094 642
2 1295 2170
2 68 2307
2 2831 2791
2 3527 391
2 2865 538
2 654 857
2 3362 3356
2 545 1354
2 2918 1014
2 2332 2812
2 1044 3104
2 3158 2242
2 3054 1746
2 74 2353
2 1395 3237
2 381 1857
2 244 1209
2 2370 2495
2 3345 3243
2 3580 2669
2 1739 3793
2 776 3220
2 2957 3206
2 3529 1719
2 2308 185
2 1467 1292
2 2663 244
2 1847 84
2 3684 1417
2 721 2702
2 1476 2515
2 257 1493
2 1086 1367
2 1103 3060
2 1991 2407
2 304 3729
2 1165 3645
2 1163 2206
2 782 1395
2 2318 353
2 967 1817
2 2007 1633
2 1087 3089
2 1955 782
2 1112 3338
2 3478 1071
2 1296 3024
2 562 1494
2 2625 3784
2 3828 1214
2 1965 177
2 3002 3474
2 862 2433
2 981 1338
2 349 1411
2 2678 665
2 3823 1439
2 719 2841
2 1318 259
2 3017 1051
2 2060 745
2 2406 1960
2 2935 1445
2 2887 1887
2 2673 1804
2 1957 1564
2 1446 199
2 2173 1657
2 3496 1426
2 910 1095
2 155 3301
2 545 2212
2 850 984
2 3475 949
2 2139 1037
2 461 1188
2 542 3048
2 260 3489
2 2307 1781
2 644 1099
2 822 1971
2 1911 214
2 2247 832
2 1418 3817
2 3666 1006
2 370 2235
2 3232 575
2 689 3470
2 3430 1262
2 762 3741
2 905 2895
2 2865 770
2 1815 2221
2 111 1684
2 95 1939
2 97 2933
2 448 3305
2 3029 771
2 2019 1953
2 3796 2969
2 2986 531
2 1099 171
2 1699 3011
2 1766 1104
2 2264 1793
2 3668 431
2 750 371
2 699 1550
2 2348 2173
2 2560 2019
2 352 1239
2 3059 494
2 3367 750
2 2658 3123
2 2596 3070
2 2033 2464
2 182 161
2 269 137
2 1120 826
2 2387 1881
2 2490 3663
2 2241 109
2 3815 202
2 2316 1365
2 3206 3363
2 2486 698
2 1456 2823
2 639 3122
2 546 2525
2 2923 853
2 898 2048
2 402 627
2 2849 546
2 1458 3586
2 3092 889
2 542 2034
2 956 3325
2 2855 1322
2 3118 845
2 2115 3480
2 2416 1749
2 251 2304
2 1642 2504
2 3208 2266
2 3740 2406
2 3372 3064
2 3788 628
2 52 3525
2 2856 3541
2 482 1828
2 2753 3143
2 1511 2774
2 1915 1756
2 1309 3418
2 3826 3531
2 3577 2517
2 864 937
2 2923 514
2 2842 3294
2 412 235
2 1993 3181
2 305 882
2 2639 3096
2 3224 2040
2 1299 1400
2 2976 3297
2 3265 2132
2 501 209
2 220 1124
2 1915 3449
2 3129 74
2 90 490
2 2885 1859
2 2597 937
2 3435 1999
2 1913 3672
2 88 1005
2 1438 3105
2 1200 332
2 205 918
2 2178 2621
2 2627 154
2 23 3190
2 1417 3546
2 984 917
2 1253 3564
2 2838 2102
2 3083 1535
2 483 948
2 2014 2663
2 2794 2568
2 3749 1850
2 97 1878
2 1245 1563
2 2879 1033
2 1553 2595
2 1878 1126
2 2328 1109
2 1687 1858
2 781 1352
2 1070 1479
2 2227 3534
2 2124 2102
2 3144 3815
2 3726 2722
2 3466 1002
2 1080 469
2 140 962
2 2471 2256
2 1220 829
2 2210 133
2 3644 359
2 766 1351
2 2440 1182
2 3296 1213
2 1958 3214
2 1256 2480
2 3410 3270
2 3322 3823
2 539 1675
2 2223 1004
2 640 2415
2 307 651
2 148 3555
2 3401 3345
2 2520 3663
2 3707 93
2 1774 3617
2 1887 1547
2 1876 2968
2 2021 3631
2 3791 501
2 1185 1245
2 3319 2997
2 1822 2455
2 89 2646
2 3188 3207
2 3417 648
2 413 276
2 998 776
2 1280 3642
2 1880 2138
2 178 1029
2 1209 116
2 3352 2032
2 224 3417
2 922 1402
2 563 44
2 640 1731
2 998 1434
2 2514 958
2 1925 3207
2 3458 385
2 2485 1219
2 2538 1444
2 2047 1280
2 1987 552
2 605 713
2 167 2346
2 783 846
2 3396 3405
2 3400 408
2 308 8
2 249 2700
2 1821 3250
2 3330 1675
2 1452 2421
2 3375 99
2 958 1204
2 1514 2320
2 2140 920
2 1753 697
2 1387 1623
2 781 374
2 1065 1700
2 3508 3111
2 343 2781
2 3247 1116
2 157 839
2 87 314
2 2924 135
2 1873 2470
2 1419 2927
2 2407 1474
2 399 2739
2 512 1009
2 1636 2502
2 2649 2565
2 2276 794
2 2764 759
2 1570 757
2 2295 2237
2 2278 1008
2 3549 3149
2 2085 406
2 1004 2193
2 1064 1593
2 2988 1804
2 2614 1247
2 3610 606
2 308 1780
2 1013 2953
2 441 1152
2 1144 430
2 2224 2991
2 3418 3607
2 1920 3502
2 188 1029
2 781 1291
2 2047 2491
2 3580 3050
2 1456 21
2 2225 3147
2 1499 3193
2 325 377
2 1932 164
2 3003 2372
2 2353 3578
2 513 3391
2 2490 1886
2 2723 2215
2 3713 3511
2 3117 1585
2 101 1192
2 557 1045
2 3044 2367
2 538 135
2 2450 674
2 1645 1682
2 2047 2890
2 1019 2876
2 3528 727
2 2585 300
2 557 1061
2 3692 1614
2 1944 308
2 670 1424
2 3489 605
2 414 1793
2 744 1466
2 2762 3309
2 2991 1249
2 1356 660
2 1042 1218
2 1090 2050
2 747 689
2 2842 224
2 530 1796
2 1596 2981
2 1062 1882
2 2670 3609
2 1149 185
2 2205 2041
2 3068 2836
2 3126 294
2 2712 157
2 2232 724
2 1706 2982
2 488 2018
2 441 605
2 2550 1799
2 110 1391
2 1228 2825
2 1846 2101
2 980 1
2 3160 924
2 3167 1484
2 3811 1618
2 968 686
2 56 3196
2 61 1340
2 922 2788
2 2644 2726
2 2532 2953
2 3200 2847
2 1345 3598
2 844 236
2 392 1884
2 1524 117
2 1932 2259
2 664 193
2 1237 2700
2 3650 1319
2 683 3461
2 2398 3536
2 2817 1153
2 3441 23
2 2290 2536
2 52 1894
2 3412 3564
2 2026 1985
2 2012 559
2 3147 2038
2 1226 2375
2 275 101
2 1481 496
2 2715 3782
2 1365 1249
2 2762 164
2 3641 1611
2 1930 20
2 2827 2934
2 2614 2445
2 2295 3195
2 3344 3302
2 2892 2723
2 727 926
2 586 1743
2 234 2494
2 1095 3012
2 2482 1185
2 870 919
2 3054 444
2 1580 1370
2 2007 1767
2 134 3084
2 2555 1852
2 2685 2605
2 1489 3711
2 1787 1958
2 1391 2149
2 137 136
2 3638 2348
2 323 354
2 1891 2588
2 46 3700
2 1485 994
2 2745 1036
2 96 2803
2 3150 368
2 2911 2610
2 1536 3576
2 2643 3248
2 1348 2737
2 3084 718
2 3605 1900
2 849 3497
2 1868 1965
2 2572 3282
2 3818 3727
2 1663 3685
2 1461 348
2 410 1343
2 160 1052
2 3381 612
2 1597 1571
2 2546 2223
2 1844 549
2 2394 1385
2 917 1567
2 2782 1375
2 2715 535
2 1486 3223
2 1535 1775
2 376 3676
2 1603 2161
2 1874 1158
2 716 2021
2 810 702
2 2890 2879
2 2510 578
2 1402 1435
2 2151 1001
2 2422 1537
2 667 1091
2 212 2740
2 2921 219
2 2996 35
2 3385 2004
2 2365 3763
2 3347 731
2 1112 837
2 2949 1893
2 1578 3200
2 2995 2942
2 1167 189
2 1516 1395
2 1013 2749
2 2462 415
2 1379 3051
2 1114 119
2 396 2540
2 1689 3578
2 940 1525
2 3078 3378
2 596 2250
2 34 3716
2 2423 110
2 3094 1011
2 1510 3027
2 3717 3011
2 2467 1261
2 3302 2023
2 1374 480
2 2646 832
2 1563 1132
2 211 172
2 1361 2333
2 1901 3056
2 104 2925
2 1819 811
2 56 3602
2 3123 630
2 3508 2519
2 3186 1744
2 3184 2341
2 69 2709
2 1396 2782
2 2227 2641
2 3482 3606
2 3562 1279
2 3812 3506
2 25 2532
2 2233 450
2 2790 201
2 1657 2103
2 2363 2390
2 2529 2253
2 3219 3364
2 2488 2022
2 277 1202
2 2113 1647
2 920 3603
2 1841 2928
2 893 671
2 2797 1813
2 638 3316
2 304 2065
2 3804 3714
2 1640 1425
2 2950 1422
2 2285 1910
2 161 488
2 883 3143
2 2118 1599
2 2621 2380
2 1654 2705
2 2452 732
2 1267 2598
2 1545 2252
2 3070 429
2 3404 2507
2 1612 216
2 3781 536
2 2062 1248
2 2668 1646
2 3158 1326
2 1000 3226
2 2246 2600
2 36 355
2 256 1238
2 2720 3731
2 449 3463
2 1509 3026
2 2116 1331
2 2644 2489
2 2460 1692
2 1741 2208
2 162 2089
2 3302 1529
2 3293 947
2 942 22
2 747 424
2 3467 999
2 902 3316
2 3010 1169
2 1052 3467
2 2504 1836
2 2509 1867
2 1399 1977
2 834 3649
2 3404 1252
2 765 586
2 404 1765
2 2410 296
2 1909 840
2 887 812
2 3456 2772
2 2882 1518
2 2702 2488
2 2625 1495
2 273 2309
2 2229 657
2 636 882
2 1553 265
2 1988 387
2 1591 3483
2 2490 1372
2 1099 2579
2 2385 2789
2 2603 1827
2 2088 327
2 2534 1769
2 110 1341
2 1506 1620
2 2164 1337
2 54 3377
2 2308 2376
2 316 2457
2 3206 330
2 512 1256
2 3197 1286
2 2940 3440
2 2949 3792
2 3171 1586
2 3825 3778
2 3259 1915
2 608 1638
2 136 2467
2 82 3665
2 1080 1121
2 1131 2581
2 298 1534
2 2629 2736
2 905 1966
2 2828 58
2 1146 1148
2 218 2203
2 45 85
2 1398 1782
2 2281 3754
2 1022 971
2 101 264
2 3032 2106
2 3809 1327
2 1122 1203
2 2312 2619
2 1698 2299
2 3518 255
2 2937 3043
2 2761 3712
2 2484 3199
2 2891 910
2 1609 1239
2 2620 3695
2 594 3478
2 2732 1034
2 2507 2964
2 1703 3012
2 694 1144
2 3222 677
2 1672 2835
2 3736 1287
2 1631 2154
2 3303 337
2 1901 1606
2 2718 2191
2 2802 466
2 65 1098
2 2698 3139
2 3132 1453
2 2599 667
2 3632 247
2 1659 2882
2 130 241
2 2762 634
2 3360 1676
2 3415 3626
2 10 513
2 967 1774
2 2754 1491
2 2800 27
2 2946 3087
2 3181 3591
2 3166 316
2 462 1712
2 3666 404
2 2892 792
2 2696 2648
2 3013 1771
2 1744 3443
2 328 2250
2 1910 2110
2 3066 3606
2 91 340
2 243 2952
2 1155 2029
2 2948 111
2 1919 2317
2 275 1022
2 1742 1952
2 3424 1222
2 2787 3112
2 825 3692
2 924 1255
2 2321 561
2 2745 1399
2 1039 3609
2 1694 3445
2 584 1874
2 1273 2478
2 481 3230
2 2089 1990
2 296 1650
2 1962 246
2 2961 858
2 2995 3738
2 1421 3799
2 3666 1488
2 2289 1374
2 2006 753
2 3265 1409
2 982 971
2 2491 3059
2 3595 3760
2 1961 3117
2 3089 2428
2 3652 681
2 2086 452
2 2272 3795
2 166 3472
2 969 1625
2 119 3151
2 3131 3488
2 1160 198
2 2080 1324
2 3052 2513
2 1969 2913
2 1284 2075
2 2677 2715
2 2416 268
2 869 1519
2 3826 2799
2 358 716
2 623 2548
2 1583 353
2 2166 2794
2 1496 398
2 2629 2583
2 1803 1685
2 3633 2984
2 286 243
2 2051 3390
2 1360 2639
2 771 1097
2 1814 817
2 2922 1110
2 161 3160
2 2531 938
2 3434 745
2 409 755
2 1302 1278
2 375 905
2 2475 2262
2 1782 2119
2 3635 2128
2 3467 1809
2 835 1689
2 3334 1536
2 1235 98
2 2053 134
2 783 1130
2 143 2485
2 1912 3301
2 818 970
2 2234 655
2 1347 1464
2 1691 804
2 527 3324
2 2978 499
2 2392 3215
2 1288 1811
2 1730 3313
2 1884 225
2 2998 1429
2 892 3688
2 1242 1472
2 1949 541
2 408 1237
2 1805 3209
2 1961 466
2 2601 246
2 3411 2458
2 2825 966
2 1441 1909
2 2545 2570
2 3818 1744
2 2813 2137
2 209 8
2 2473 1792
2 1049 818
2 1723 2255
2 896 881
2 1206 2217
2 3796 2971
2 2507 2079
2 2446 3670
2 1464 3711
2 1599 3349
2 2430 2480
2 392 812
2 3088 482
2 1506 2552
2 1414 3769
2 1763 506
2 3235 3120
2 1762 3610
2 1088 3399
2 2383 3387
2 1339 3057
2 2498 1715
2 3664 2236
2 2466 1022
2 1634 2046
2 1394 1522
2 3516 3777
2 908 1415
2 2158 3532
2 1678 414
2 3322 1673
2 239 1168
2 3622 2130
2 3473 2697
2 1892 3202
2 2368 1122
2 2298 1973
2 3538 1202
2 1946 2355
2 45 782
2 2779 2811
2 3381 228
2 2133 2456
2 1058 328
2 835 1750
2 3715 3747
2 787 2555
2 1233 49
2 2 2873
2 213 867
2 1223 3483
2 1235 1449
2 1498 2459
2 352 3452
2 2688 1886
2 741 2124
2 821 2623
2 1601 533
2 659 1094
2 643 2398
2 3057 2404
2 1363 450
2 964 834
2 2015 3699
2 3533 2104
2 518 1601
2 3558 3570
2 3731 902
2 3394 2001
2 3177 1355
2 675 1387
2 1197 3739
2 543 3001
2 160 298
2 1823 3240
2 3336 3562
2 634 1253
2 3172 261
2 1491 2664
2 1741 3802
2 1247 2754
2 3599 2570
2 3260 2955
2 3252 262
2 2973 3818
2 1795 325
2 2283 544
2 3716 1135
2 2696 3439
2 654 129
2 416 3288
2 328 3165
2 910 2703
2 996 3231
2 1818 529
2 2803 825
2 2646 2902
2 1486 2497
2 2385 1976
2 3310 808
2 3209 293
2 1733 3371
2 1793 3269
2 1825 1174
2 1359 2684
2 1795 2228
2 985 3669
2 2581 2076
2 2290 3474
2 2626 2233
2 3744 3192
2 3330 2562
2 501 2109
2 2717 3262
2 2529 3272
2 2735 999
2 36 2547
2 869 2820
2 58 1468
2 1367 2002
2 1731 1362
2 3375 415
2 3551 721
2 1981 2841
2 3225 581
2 130 377
2 212 3680
2 2780 2986
2 2019 3208
2 2255 1993
2 8 582
2 2455 3099
2 2757 3033
2 287 1671
2 506 426
2 1576 2434
2 190 1779
2 2548 498
2 2558 2332
2 2438 1714
2 2605 2880
2 1962 507
2 3471 2549
2 2186 38
2 3659 2843
2 2687 1138
2 1585 2632
2 2328 1342
2 2929 3496
2 1866 3396
2 1477 3686
2 1882 437
2 1833 617
2 1266 3805
2 1724 2894
2 187 2868
2 2450 2034
2 3170 1551
2 176 2559
2 565 1699
2 3539 1209
2 1763 1168
2 3406 2996
2 3199 2541
2 68 1416
2 149 3367
2 2781 1041
2 1258 3061
2 2707 846
2 1918 2262
2 3649 1433
2 2124 3774
2 3493 334
2 32 74
2 1733 3621
2 1041 2672
2 1602 1841
2 1720 3049
2 2059 709
2 2314 2408
2 1823 1077
2 2272 805
2 761 1283
2 1425 2410
2 2838 929
2 2330 947
2 2474 875
2 2165 3786
2 2860 1326
2 1118 3241
2 677 1323
2 719 563
2 3535 3384
2 2955 1009
2 3512 1817
2 463 2633
2 282 87
2 1070 842
2 3794 2795
2 1703 1078
2 926 1947
2 1238 3128
2 3508 2760
2 1934 3554
2 2883 3749
2 3366 2343
2 2099 659
2 512 1757
2 3324 32
2 525 3643
2 3167 1565
2 2963 3646
2 143 1633
2 2875 1803
2 3437 1512
2 3484 205
2 3778 534
2 2847 695
2 3334 2599
2 3537 300
2 2178 2389
2 210 3074
2 2276 1434
2 1568 2451
2 730 3432
2 1404 1948
2 1968 2576
2 3475 1987
2 3047 3113
2 3709 2244
2 1796 3459
2 623 3159
2 3583 182
2 890 2350
2 2292 576
2 2526 1561
2 2490 777
2 2355 3300
2 429 3735
2 1821 2777
2 710 2083
2 46 3213
2 2366 1870
2 271 3077
2 2368 3755
2 3325 3020
2 2 2743
2 1454 2872
2 2642 1934
2 2026 1997
2 3481 1627
2 3190 2741
2 3524 266
2 1674 991
2 1901 454
2 3026 2085
2 2563 1619
2 2862 3802
2 949 1497
2 2296 3597
2 2785 2098
2 2325 449
2 1916 1323
2 3315 3109
2 622 2880
2 2016 3531
2 1375 3457
2 964 3680
2 3782 2525
2 908 640
2 571 2966
2 2927 1606
2 511 2769
2 1677 925
2 3028 992
2 2453 1646
2 3304 1538
2 2047 2178
2 416 2335
2 2568 221
2 3042 1558
2 2286 346
2 379 388
2 2415 1885
2 2649 3281
2 1724 2129
2 3543 621
2 310 2215
2 2709 1458
2 31 1653
2 324 3671
2 3137 773
2 2152 46
2 3829 1108
2 2366 1591
2 230 1880
2 2159 2564
2 2858 1765
2 2224 1829
2 3828 2422
2 2883 2814
2 353 3661
2 2569 514
2 261 269
2 1520 1970
2 3734 3425
2 1608 758
2 2502 3512
2 521 855
2 2121 2898
2 2796 728
2 1551 2299
2 1260 339
2 3662 1204
2 3025 1406
2 1092 2468
2 633 2451
2 1311 956
2 3385 2787
2 1697 977
2 1716 3641
2 2622 600
2 2644 2868
2 3115 2792
2 2385 874
2 1108 3039
2 107 3587
2 2008 1872
2 2723 3767
2 644 1176
2 3638 990
2 1653 2123
2 3629 1919
2 3724 2607
2 3803 696
2 3586 877
2 2957 1759
2 1135 3653
2 955 80
2 2818 3053
2 1703 2162
2 3426 689
2 2184 293
2 977 1547
2 3304 402
2 2854 2328
2 637 3028
2 555 3703
2 1647 1565
2 1003 2130
2 3382 1394
2 561 2608
2 805 1228
2 1013 1582
2 1194 3460
2 139 200
2 923 136
2 1599 1440
2 227 3827
2 2749 1989
2 1929 3753
2 2989 3343
2 714 533
2 2337 3091
2 3694 2730
2 2629 1902
2 1518 752
2 1923 727
2 3032 1747
2 65 3552
2 373 1260
2 3063 3588
2 3409 1114
2 2732 2331
2 1517 3141
2 3723 1673
2 2414 2435
2 2374 649
2 1893 1801
2 1602 3813
2 2684 2290
2 2047 1732
2 798 2411
2 2543 2553
2 1805 1017
2 193 1415
2 1607 2187
2 2642 548
2 986 1490
2 1526 3331
2 2052 2768
2 1666 3604
2 3112 3333
2 2649 2156
2 3613 2119
2 2070 891
2 168 3277
2 1274 48
2 562 1187
2 2407 657
2 2701 1023
2 870 3314
2 4 3413
2 3028 193
2 2932 1842
2 2259 2161
2 2036 2474
2 1001 3556
2 1570 454
2 1095 73
2 3127 3379
2 456 2152
2 1316 3631
2 3239 690
2 1190 433
2 439 1035
2 2376 3797
2 3812 3175
2 2243 1128
2 3279 706
2 3150 875
2 1607 1482
2 1624 3179
2 67 2690
2 944 2391
2 2393 1349
2 114 650
2 736 3401
2 649 1101
2 1271 1692
2 3154 2132
2 1137 446
2 1066 1916
2 1320 2718
2 976 3508
2 1493 3722
2 3081 1830
2 1003 2075
2 2981 113
2 1600 2752
2 2496 1637
2 1731 828
2 1269 1019
2 300 3668
2 964 2575
2 1470 3426
2 970 1569
2 1345 2362
2 1672 3307
2 3813 583
2 3195 2151
2 1426 1188
2 3814 3596
2 3192 322
2 2677 3552
2 2845 3180
2 1055 1446
2 3473 2394
2 3036 975
2 3249 3244
2 2024 2660
2 698 1384
2 3341 2097
2 217 3329
2 1758 3183
2 2778 2326
2 3512 2014
2 435 1612
2 2374 2499
2 844 2582
2 122 18
2 2741 1215
2 148 566
2 852 1658
2 121 795
2 398 3697
2 2283 356
2 3550 1842
2 3547 719
2 3192 1532
2 3238 1142
2 376 3308
2 792 2302
2 1917 3770
2 1256 1681
2 718 409
2 2669 3736
2 2599 504
2 862 18
2 3184 3449
2 432 3234
2 2397 3071
2 2358 2315
2 1792 1926
2 3528 2995
2 2219 3720
2 41 2962
2 1171 507
2 1107 263
2 521 1411
2 1574 202
2 849 1846
2 2937 1117
2 2101 1865
2 3451 1985
2 3247 1546
2 2602 3141
2 58 2751
2 3296 1386
2 1283 55
2 323 3254
2 2776 641
2 2562 1759
2 2201 1597
2 1771 321
2 376 1401
2 970 3083
2 802 435
2 2805 3241
2 3126 2587
2 2806 1306
2 274 3572
2 1721 1234
2 302 3109
2 837 3734
2 1897 1583
2 830 147
2 166 473
2 1876 2276
2 2004 1680
2 3222 686
2 2391 240
2 277 1066
2 1150 155
2 3177 606
2 2478 2890
2 2945 285
2 1992 1431
2 68 3597
2 3558 1867
2 406 862
2 707 3276
2 3130 616
2 2008 3462
2 2928 525
2 1986 2380
2 1615 3613
2 853 775
2 1493 1578
2 891 2181
2 2093 3297
2 2434 2294
2 458 2699
2 75 216
2 973 1581
2 2384 2625
2 1469 2150
2 2842 1641
2 2647 2711
2 297 1071
2 1857 3098
2 2640 3524
2 2452 1307
2 1508 3565
2 3181 3507
2 116 580
2 1651 2657
2 1966 2602
2 485 2748
2 118 1974
2 1284 860
2 1263 3210
2 2690 1039
2 2877 1898
2 1862 1694
2 1738 2080
2 3550 2758
2 1857 1414
2 1921 1803
2 421 3607
2 255 3245
2 1957 2122
2 2491 1084
2 435 456
2 759 2054
2 723 998
2 2332 1676
2 2295 1890
2 3451 1080
2 2724 3666
2 552 635
2 691 1231
2 131 1357
2 428 3482
2 251 236
2 2848 3244
2 863 2368
2 1855 3773
2 2450 3184
2 1895 2349
2 3581 445
2 3196 3462
2 567 3022
2 2987 1636
2 11 270
2 2976 1735
2 958 3381
2 1467 835
2 3089 2060
2 3319 3093
2 1418 2117
2 2829 1250
2 608 2313
2 2182 3106
2 772 1437
2 358 1786
2 1906 1850
2 2733 2741
2 388 3124
2 731 2531
2 3678 3674
2 3150 1896
2 969 1141
2 1804 3674
2 562 3658
2 3787 1220
2 2693 1272
2 2344 3311
2 3384 1410
2 267 1003
2 3514 946
2 103 2213
2 2170 2088
2 1408 2916
2 3693 2686
2 1532 27
2 1295 2001
2 502 3682
2 2178 3753
2 1237 3236
2 2291 1589
2 1764 2913
2 3253 2470
2 1414 1427
2 2462 9
2 3281 929
2 1487 2877
2 1144 945
2 2112 1118
2 2845 1733
2 745 870
2 3572 3806
2 1065 1636
2 3490 97
2 2859 359
2 2077 3072
2 3285 2205
2 279 1286
2 479 3033
2 2441 2655
2 1554 2010
2 1955 3059
2 676 917
2 3608 2239
2 1986 751
2 86 1224
2 2585 1533
2 195 3306
2 2389 844
2 273 2166
2 3605 828
2 1329 1504
2 1872 2242
2 589 2919
2 3611 3280
2 2617 3479
2 6 1171
2 3525 2108
2 1963 3412
2 3413 3529
2 3702 1404
2 2581 1941
2 447 3546
2 3113 232
2 518 241
2 3556 952
2 2728 3120
2 1132 1469
2 3100 2518
2 6 684
2 2482 3368
2 565 866
2 539 2865
2 532 2135
2 2067 3629
2 1035 3701
2 1241 508
2 349 1064
2 1304 769
2 960 3303
2 3097 3348
2 905 1908
2 3426 1476
2 3251 128
2 493 1998
2 1697 1552
2 169 565
2 1887 311
2 2281 960
2 739 1137
2 2731 2947
2 471 3362
2 498 2643
2 1626 1711
2 1317 340
2 1905 1525
2 1264 2885
2 2664 794
2 2504 706
2 2876 2372
2 2222 1232
2 2893 570
2 3517 626
2 3682 498
2 3488 594
2 720 2840
2 907 1047
2 1276 3393
2 3440 1307
2 1502 650
2 1167 3574
2 2514 3066
2 3669 2272
2 3024 817
2 1692 1875
2 2950 89
2 2494 1656
2 1979 1177
2 3787 2813
2 3219 739
2 610 3593
2 2938 280
2 2781 1513
2 1937 2839
2 3770 1551
2 1611 1419
2 2238 636
2 2360 852
2 2988 1800
2 1330 1983
2 951 212
2 1911 365
2 229 1259
2 2432 228
2 2571 2808
2 1820 11
2 2139 1981
2 397 2070
2 3585 1451
2 1169 3454
2 1132 3720
2 3130 1938
2 2550 1055
2 3771 602
2 3477 168
2 170 3007
2 1749 1377
2 2002 1308
2 1896 961
2 1872 3247
2 2452 3473
2 3745 2224
2 1784 3699
2 1105 2154
2 788 2145
2 3111 1810
2 3466 2692
2 3215 3112
2 1905 1310
2 1271 2416
2 1891 2127
2 2082 3130
2 761 1785
2 2247 2911
2 3294 2005
2 3392 1217
2 3710 1794
2 1597 1068
2 3477 1918
2 2791 625
2 1640 2180
2 1028 2509
2 1535 1718
2 2440 976
2 2050 1409
2 2166 3532
2 282 3551
2 3298 2503
2 1184 2390
2 690 3712
2 715 366
2 1674 2071
2 189 3514
2 649 1984
2 1336 1600
2 29 378
2 1530 3347
2 3496 3517
2 465 91
2 2293 903
2 854 3538
2 1303 2186
2 495 455
2 161 1292
2 799 280
2 2881 1231
2 3035 425
2 3105 1559
2 1768 508
2 122 3145
2 2520 1740
2 3035 127
2 1888 1198
2 3154 2636
2 2596 390
2 1573 750
2 44 555
2 866 2670
2 3220 3764
2 829 1312
2 3174 3357
2 1895 3132
2 3587 3013
2 3005 1294
2 3737 409
2 911 2698
2 587 101
2 1625 2624
2 480 2349
2 909 2120
2 3080 2139
2 785 394
2 1549 2315
2 3044 2785
2 1398 3239
2 3542 2593
2 299 1596
2 2982 1560
2 1734 1122
2 404 1754
2 2770 431
2 2221 2304
2 518 3145
2 540 656
2 2999 1785
2 2513 3170
2 3570 2177
2 1169 3431
2 2239 1104
2 3256 3627
2 1221 2766
2 3336 181
2 1966 47
2 2202 3789
2 2423 1282
2 2330 3805
2 610 2620
2 1405 2505
2 1342 48
2 556 572
2 345 1015
2 1987 753
2 2553 215
2 156 675
2 2306 2577
2 1548 1974
2 1151 2551
2 986 1786
2 3220 1057
2 642 213
2 2268 3824
2 1818 3264
2 2024 3759
2 1178 123
2 1196 10
2 2790 3558
2 1346 2201
2 786 1622
2 1552 704
2 820 3502
2 534 1782
2 1605 1017
2 2880 1138
2 2613 3757
2 3337 3258
2 2896 622
2 505 3651
2 2272 2359
2 2946 2111
2 345 1677
2 305 2141
2 2571 2100
2 3185 219
2 468 1659
2 28 662
2 2476 696
2 1806 12
2 1855 3246
2 1422 3191
2 1661 2209
2 175 3019
2 2173 737
2 2689 2936
2 2522 2360
2 2850 1096
2 3786 1227
2 2937 2188
2 2961 2695
2 3127 2925
2 1332 1754
2 3556 2136
2 3511 2798
2 3021 1305
2 283 2815
2 2636 344
2 1057 1973
2 3118 511
2 1817 1752
2 1012 1825
2 2985 337
2 3645 2249
2 3071 2219
2 2333 3438
2 1472 653
2 1598 1059
2 3318 1360
2 866 282
2 3707 303
2 973 2975
2 1824 911
2 3483 950
2 2128 1121
2 87 3193
2 2887 1822
2 139 780
2 3368 3157
2 3683 2157
2 931 760
2 825 2387
2 320 818
2 1475 3444
2 1721 2799
2 2035 2668
2 3313 1967
2 3419 961
2 1211 1545
2 3566 372
2 1582 1462
2 1528 3605
2 1333 2572
2 777 2574
2 1855 1457
2 2951 2151
2 327 3495
2 3131 639
2 1886 1184
2 1667 978
2 2179 1143
2 752 2909
2 2129 165
2 2934 935
2 2148 3535
2 3773 159
2 2374 3180
2 795 3096
2 2773 2493
2 986 2818
2 2893 732
2 1769 623
2 859 836
2 2443 2676
2 1060 595
2 1421 1861
2 670 3810
2 2522 333
2 1574 1001
2 751 3349
2 1902 2210
2 3465 3460
2 3799 1942
2 407 3790
2 2734 915
2 2566 301
2 704 2484
2 552 242
2 2819 1779
2 3235 1032
2 919 2948
2 1815 2728
2 931 1238
2 2716 3372
2 3599 3226
2 1898 1388
2 2854 2561
2 3395 2616
2 533 85
2 647 2954
2 1669 40
2 3342 806
2 1400 1105
2 2427 2118
2 2390 405
2 2241 3169
2 2081 2082
2 3091 2780
2 2982 1134
2 233 1706
2 1854 2932
2 677 1347
2 182 3350
2 1931 3628
2 2255 1459
2 3334 3402
2 3250 1044
2 2181 3182
2 2248 1383
2 3211 2724
2 65 2923
2 2558 2656
2 1661 348
2 3819 713
2 1584 3335
2 2479 2499
2 3306 1877
2 1628 646
2 729 1609
2 3646 551
2 500 3102
2 795 3686
2 1605 100
2 1435 361
2 3251 1678
2 2623 1884
2 3221 1301
2 2240 1906
2 3614 3594
2 3332 429
2 1656 1808
2 2423 700
2 1329 432
2 1105 2264
2 931 3732
2 1421 3533
2 112 2195
2 2050 3006
2 2835 1156
2 601 3197
2 2531 3260
2 123 3561
2 2421 1943
2 3225 3557
2 523 2401
2 835 2567
2 279 3017
2 572 540
2 459 277
2 3266 1764
2 3255 1004
2 1540 1428
2 1075 2904
2 2594 1763
2 755 460
2 2073 2176
2 3551 2115
2 2150 799
2 31 679
2 2746 3048
2 2631 2269
2 1746 3821
2 3590 3373
2 44 2716
2 2549 3164
2 1336 1049
2 71 2586
2 30 1232
2 2279 673
2 81 2611
2 2909 419
2 3612 422
2 1474 2942
2 2474 71
2 2266 734
2 1068 3567
2 2535 965
2 914 1081
2 739 1091
2 547 3217
2 2150 1024
2 3171 3289
2 386 438
2 945 3747
2 2524 2928
2 2340 103
2 596 195
2 2124 2834
2 3058 72
2 1353 1751
2 14 220
2 624 830
2 3105 1623
2 1400 2655
2 976 2361
2 652 2156
2 1841 1364
2 1020 1287
2 3482 3126
2 1697 2442
2 952 3649
2 1070 3276
2 1577 2977
2 983 645
2 3664 2301
2 2373 1856
2 2891 368
2 1046 2645
2 1718 1911
2 967 1078
2 3269 287
2 3647 3366
2 2971 2391
2 767 2330
2 2808 3689
2 1763 1212
2 1562 2171
2 1596 3343
2 3780 2516
2 1892 3395
2 3361 3799
2 67 12
2 2625 960
2 1076 1986
2 3020 2602
2 2584 1319
2 3020 2046
2 2522 256
2 2022 3634
2 3132 1109
2 1715 3781
2 475 411
2 1773 3620
2 925 802
2 2229 3076
2 3518 351
2 1401 3583
2 453 1384
2 319 208
2 1942 1189
2 3358 813
2 1026 1195
2 537 3646
2 761 3357
2 6 3437
2 3708 2650
2 1140 3010
2 767 842
2 1428 904
2 2851 5
2 3257 274
2 3165 746
2 1825 2418
2 3560 2384
2 1371 215
2 924 2978
2 2802 3161
2 2667 2045
2 603 859
2 845 3821
2 2911 800
2 1447 1644
2 535 1964
2 2127 1475
2 864 1028
2 3498 2310
2 3071 3592
2 3820 1863
2 3488 133
2 3246 2941
2 263 558
2 3666 1252
2 2285 3296
2 150 1011
2 2855 1672
2 3585 3242
2 3611 1515
2 313 632
2 2825 2628
2 2793 851
2 964 2627
2 97 1233
2 637 1881
2 414 2013
2 2573 556
2 1533 2261
2 491 1499
2 766 3162
2 2816 1065
2 3464 2804
2 1365 1467
2 2955 569
2 290 1916
2 2203 1720
2 372 2282
2 224 1356
2 1160 2329
2 583 1524
2 1951 3625
2 2227 3046
2 2559 3067
2 2989 3255
2 859 1713
2 2612 1048
2 2701 3050
2 2380 2396
2 1554 2342
2 3539 720
2 3556 373
2 2265 160
2 653 1031
2 25 3008
2 689 3456
2 1655 967
2 197 1176
2 395 3702
2 212 3527
2 3596 1227
2 733 459
2 3079 2169
2 3241 3428
2 3311 1498
2 2601 2141
2 1652 3761
2 3034 2324
2 2560 3696
2 1613 2220
2 303 518
2 1608 2077
2 1817 887
2 3214 3377
2 2839 1946
2 475 2848
2 768 144
2 859 1570
2 3798 376
2 2860 2114
2 2195 2054
2 1965 1441
2 3230 3198
2 2696 143
2 2954 3530
2 2020 350
2 3430 230
2 2995 3549
2 1540 2892
2 2346 747
2 219 183
2 302 2370
2 1728 1662
2 3638 2243
2 1403 3783
2 2646 1505
2 362 1816
2 2235 79
2 2316 1638
2 2967 1907
2 346 1572
2 2058 1349
2 1087 988
2 443 2359
2 783 3108
2 1039 3476
2 3477 3528
2 789 3513
2 2126 1126
2 348 903
2 1626 1553
2 2843 2517
2 2536 1218
2 3023 619
2 1335 2827
2 2676 2243
2 1353 1663
2 466 1789
2 1091 2488
2 1826 2870
2 1544 78
2 2159 712
2 2958 635
2 2808 1244
2 260 1034
2 3750 3765
2 3082 2671
2 2540 2383
2 225 1310
2 565 1576
2 2901 1734
2 554 1556
2 1637 1944
2 2501 1235
2 555 1332
2 3505 611
2 519 2333
2 2477 2757
2 1606 2618
2 1349 1738
2 1758 1131
2 3025 0
2 461 2234
2 3396 3162
2 3592 2830
2 3595 2656
2 1539 898
2 2148 3251
2 3232 1895
2 3394 3023
2 3681 617
2 1978 3304
2 1592 2968
2 1433 1170
2 2444 2297
2 885 2685
2 555 474
2 3829 1366
2 2737 2910
2 2986 3146
2 2475 1143
2 1865 1890
2 3286 3560
2 1728 675
2 2010 2042
2 3373 2826
2 2312 2729
2 2711 442
2 755 3673
2 2857 324
2 2094 2063
2 1073 603
2 3602 1355
2 2847 796
2 3633 3725
2 2033 566
2 2788 2088
2 2308 3468
2 3484 3499
2 1480 3121
2 3386 815
2 1254 108
2 1778 618
2 1555 165
2 2530 2948
2 3270 982
2 2207 1833
2 3438 695
2 347 2828
2 1401 2133
2 76 2811
2 1290 1033
2 1815 2515
2 133 1144
2 3129 2427
2 2285 2443
2 3525 1549
2 2019 854
2 1601 1443
2 3498 1587
2 3412 1761
2 2317 1151
2 795 257
2 662 2588
2 71 1707
2 1545 169
2 2961 1119
2 159 3526
2 331 1794
2 1540 3309
2 2077 206
2 2984 1407
2 2561 2350
2 3312 1206
2 2990 2496
2 1407 188
2 1149 1483
2 3820 1978
2 1455 2734
2 2760 1317
2 1572 1248
2 1166 579
2 76 2023
2 2708 2553
2 1159 2538
2 1514 88
2 347 774
2 2434 801
2 3119 3595
2 784 3733
2 321 2894
2 2300 1815
2 2851 3201
2 3669 2571
2 1406 3052
2 2426 2567
2 2263 954
2 2191 3115
2 3711 1299
2 2549 895
2 203 1807
2 3275 1735
2 2946 871
2 2881 3040
2 1032 3755
2 3436 2779
2 1628 92
2 2092 2167
2 3626 3623
2 3030 2423
2 820 2725
2 1749 2017
2 3461 1960
2 129 2386
2 1299 2375
2 1486 2862
2 3569 2637
2 897 1031
2 394 2015
2 3072 576
2 1113 3063
2 1007 1329
2 588 1921
2 302 2889
2 345 1652
2 580 2926
2 219 3776
2 1686 201
2 521 1999
2 1237 3750
2 2336 1311
2 2170 342
2 1575 1871
2 9 1505
2 2385 927
2 3100 42
2 774 748
2 1931 3365
2 696 2916
2 3250 3514
2 1732 3828
2 1172 3644
2 2282 2035
2 199 3001
2 3248 2816
2 2077 3090
2 1381 3544
2 519 2408
2 204 3176
2 847 1637
2 2794 2040
2 2271 502
2 2413 1243
2 1214 1461
2 5 1887
2 1891 824
2 2423 848
2 2848 980
2 2647 2746
2 485 979
2 122 3312
2 739 464
2 2236 1701
2 2504 1308
2 2214 2822
2 2670 2642
2 3709 1725
2 251 94
2 2640 3006
2 751 2388
2 705 2300
2 1031 1361
2 1634 3829
2 816 2020
2 2683 2069
2 1261 2103
2 1106 849
2 509 1762
2 319 3469
2 3518 2705
2 1860 3278
2 867 735
2 217 1054
2 329 2190
2 1862 1161
2 2670 1831
2 3399 124
2 3301 3188
2 3419 762
2 1511 2542
2 2966 742
2 3502 2629
2 1316 1883
2 484 3069
2 410 1957
2 3273 2873
2 251 245
2 2325 2464
2 1198 3295
2 3550 462
2 649 162
2 1163 1190
2 1152 2420
2 1061 2831
2 1378 1866
2 273 901
2 1984 1539
2 3715 470
2 118 2935
2 1579 2857
2 1380 2951
2 3760 3211
2 809 1442
2 141 142
2 3355 944
2 2202 2870
2 3468 3113
2 1592 430
2 2212 1339
2 2641 2922
2 1129 722
2 1927 950
2 1875 2367
2 208 2072
2 311 1561
2 2727 1687
2 3687 1642
2 2920 3652
2 1390 1686
2 2929 661
2 2036 3326
2 3256 2956
2 421 312
2 1748 2676
2 2218 3384
2 549 2944
2 1858 3275
2 367 2140
2 1161 2431
2 1749 3224
2 906 2303
2 1954 2965
2 1345 3399
2 2164 2472
2 3155 3127
2 3376 2733
2 1125 2323
2 1501 3766
2 1008 2695
2 2079 654
2 348 784
2 1152 1677
2 3062 1503
2 2944 3710
2 2579 2849
2 2784 2917
2 222 3134
2 467 335
2 98 1663
2 2172 2042
2 3662 403
2 922 1100
2 1518 2619
2 3640 396
2 1681 1523
2 2946 29
2 3131 1081
2 2224 983
2 3382 2710
2 3317 180
2 2884 2523
2 3539 2556
2 1159 203
2 3655 3331
2 570 1578
2 422 852
2 3775 1270
2 2736 2058
2 3474 3217
2 1564 2967
2 3172 2930
2 3509 611
2 3330 589
2 1241 2875
2 2908 3689
2 1450 579
2 1439 539
2 222 524
2 1875 34
2 3628 0
2 1598 138
2 630 66
2 3288 3504
2 3313 1296
2 186 2338
2 1625 951
2 1874 3516
2 372 1115
2 1500 2288
2 2063 3137
2 2210 3756
2 701 338
2 2160 1139
2 2458 3337
2 2900 3099
2 2606 1830
2 3540 2687
2 1137 3009
2 1732 1159
2 1198 2866
2 1217 271
2 753 2382
2 1967 1951
2 350 807
2 2420 3353
2 165 1865
2 1520 418
2 2144 1742
2 2480 3765
2 3108 928
2 1251 3601
2 16 723
2 1787 2057
2 2112 1595
2 3388 3351
2 1529 3441
2 3570 3739
2 1413 3003
2 1646 2851
2 3440 896
2 1546 3095
2 691 2666
2 582 1613
2 935 76
2 2104 785
2 2388 1325
2 251 1193
2 1090 3138
2 854 1333
2 3582 1449
2 1683 3084
2 2747 2899
2 1261 3088
2 2774 2314
2 2232 1263
2 1424 2939
2 1699 192
2 32 1358
2 2323 532
2 2382 1818
2 1412 1455
2 2131 77
2 1464 986
2 1302 2523
2 1729 3040
2 938 2914
2 3823 3414
2 3245 556
2 825 3036
2 3131 489
2 1240 2388
2 2477 1542
2 372 3555
2 3064 2057
2 2557 2187
2 50 1192
2 708 2277
2 331 3643
2 838 3127
2 2682 3450
2 307 3605
2 2211 1241
2 3635 516
2 3784 577
2 159 180
2 1462 1173
2 1280 3679
2 1088 2510
2 3108 1194
2 475 1056
2 2675 2432
2 2106 408
2 1843 3708
2 1158 1350
2 2226 2004
2 3110 3681
2 1846 679
2 149 2529
2 423 3464
2 43 2993
2 333 1485
2 31 878
2 1839 935
2 1367 562
2 1208 1275
2 2569 105
2 797 3571
2 1879 3095
2 1813 3717
2 1024 1043
2 2314 1755
2 1459 1251
2 836 3743
2 2671 590
2 2351 781
2 3626 1660
2 1974 440
2 655 2145
2 1087 989
2 2520 477
2 1733 141
2 2696 3021
2 2268 178
2 2474 1758
2 943 1704
2 324 1193
2 1687 2537
2 2837 1499
2 972 2632
2 1293 439
2 390 1845
2 2012 3111
2 520 1750
2 350 2181
2 3772 3142
2 3445 625
2 3238 1745
2 940 1805
2 3245 3787
2 1607 3683
2 1647 3501
2 833 290
2 2998 2772
2 576 3648
2 1093 3009
2 414 3093
2 2802 570
2 1597 3700
2 3752 103
2 3022 1097
2 2558 1635
2 663 685
2 2224 856
2 147 2721
2 91 522
2 2802 369
2 1762 1079
2 760 1810
2 2171 2466
2 14 3278
2 1199 2832
2 484 1420
2 1669 3355
2 2638 370
2 2471 3392
2 3058 785
2 3013 3432
2 3402 2056
2 3583 792
2 2270 1610
2 3488 1645
2 2457 1933
2 2345 1777
2 2263 1736
2 955 1914
2 3207 3746
2 2821 1693
2 2475 2912
2 3483 2465
2 1657 1012
2 3433 3004
2 3777 2626
2 958 49
2 1240 1523
2 618 1595
2 414 2066
2 2580 1120
2 3519 210
2 1988 2786
2 3603 2239
2 619 2806
2 3454 726
2 688 2179
2 3674 3590
2 2524 174
2 1033 1038
2 132 3363
2 2323 3025
2 224 1018
2 1674 2204
2 1007 124
2 487 2678
2 3296 2008
2 2162 347
2 3161 2122
2 1958 1373
2 140 3163
2 2007 2675
2 1141 2976
2 1093 1806
2 3776 238
2 1649 2487
2 162 915
2 1194 41
2 163 3329
2 2944 3236
2 2107 1276
2 2854 1399
2 1446 2652
2 2421 2096
2 865 2691
2 297 2809
2 588 2369
2 2413 964
2 2771 1590
2 1880 557
2 1242 1285
2 3625 1436
2 2479 303
2 905 62
2 1432 434
2 2896 475
2 1819 783
2 831 3652
2 162 3434
2 3732 57
2 693 1979
2 3810 1268
2 2199 53
2 2509 1303
2 1824 3647
2 224 1353
2 120 1021
2 735 2412
2 1276 434
2 289 3190
2 670 3510
2 3117 820
2 1270 1913
2 3146 1941
2 361 3640
2 3360 1487
2 978 139
2 2065 2053
2 1757 2864
2 2774 983
2 1285 3005
2 2129 253
2 1275 3149
2 1315 2400
2 3828 2279
2 1716 2292
2 3166 3082
2 2829 106
2 3380 1085
2 1697 2979
2 1412 2689
2 3790 597
2 1526 1106
2 3493 847
2 442 2732
2 2051 1616
2 2742 3223
2 3388 3218
2 2507 620
2 1766 879
2 12 3158
2 3481 352
2 1903 2648
2 3271 1405
2 2962 1342
2 2510 2363
2 2148 709
2 1722 3638
2 2287 28
2 1440 1346
2 2121 646
2 1340 2164
2 1955 3002
2 497 2032
2 2164 211
2 760 3173
2 2944 2438
2 2758 3085
2 2782 2860
2 999 239
2 868 2345
2 2620 2395
2 2772 2027
2 478 2396
2 693 397
2 957 2512
2 583 733
2 3155 2990
2 1133 1940
2 94 3655
2 1789 3041
2 592 521
2 1482 2861
2 1226 2493
2 1280 416
2 514 3600
2 2867 2059
2 530 1215
2 1306 3639
2 2496 493
2 2644 3386
2 2569 3032
2 3542 2677
2 3075 2189
2 2483 217
2 672 3424
2 750 3356
2 2674 2064
2 1861 3455
2 1341 2114
2 2786 2661
2 507 2403
2 3601 766
2 3663 1996
2 3071 3722
2 3073 2897
2 1380 411
2 1278 2067
2 3486 3616
2 2519 831
2 3798 451
2 3541 146
2 312 1030
2 694 930
2 1445 2354
2 1707 52
2 114 2617
2 2069 357
2 1300 1969
2 3499 3332
2 486 3275
2 1660 931
2 774 3261
2 535 1741
2 848 1396
2 3591 1240
2 1354 1737
2 2724 1991
2 3684 1087
2 3416 622
2 984 3045
2 486 3453
2 2847 2917
2 1174 959
2 3733 3817
2 169 767
2 2441 1614
2 2063 2442
2 2149 3445
2 2364 2251
2 1128 1056
2 288 3570
2 3494 3779
2 3564 2773
2 772 912
2 3538 2998
2 984 3506
2 1721 3289
2 376 2707
2 2934 3168
2 3800 463
2 2497 824
2 79 668
2 15 529
2 729 2999
2 2878 3300
2 2329 1025
2 3749 2016
2 743 3201
2 2160 1849
2 1514 725
2 2888 3444
2 2340 2481
2 2247 892
2 1837 1693
2 895 2346
2 1329 1698
2 2185 3690
2 3493 1338
2 3192 1196
2 1553 2116
2 3022 3164
2 3315 2038
2 3469 365
2 1347 1372
2 2491 3664
2 3521 1527
2 402 1710
2 3621 1770
2 3269 3748
2 2779 2440
2 2222 813
2 263 1271
2 587 2943
2 863 2352
2 2464 3360
2 3770 1748
2 1571 494
2 669 3466
2 583 422
2 3144 2030
2 365 2612
2 562 1281
2 1529 905
2 382 2905
2 1642 989
2 98 2905
2 419 1436
2 385 3260
2 1807 174
2 2462 2294
2 651 3820
2 2150 1372
2 2851 335
2 1405 3034
2 3428 1451
2 692 2104
2 1554 2784
2 1275 2397
2 1605 3509
2 2726 3612
2 2495 1892
2 3032 1936
2 1404 1010
2 3023 1062
2 1901 2790
2 2098 2411
2 3049 2631
2 2365 1639
2 1508 1662
2 1029 1458
2 884 3334
2 224 597
2 2278 83
2 1645 1855
2 2879 637
2 509 1145
2 132 1995
2 1651 2366
2 3540 3320
2 3057 2165
2 1025 1666
2 2181 1124
2 3825 2245
2 145 3520
2 2560 2078
2 2864 1487
2 1928 1778
2 92 816
2 625 1471
2 939 1859
2 1082 3273
2 919 2175
2 1303 861
2 1753 30
2 2920 1704
2 2290 3758
2 3726 2084
2 3442 881
2 702 84
2 925 932
2 843 2291
2 1923 1845
2 336 2624
2 1547 2196
2 1964 2783
2 981 2678
2 361 2752
2 2238 2065
2 3239 1620
2 906 994
2 1069 3645
2 366 2105
2 1771 1538
2 1516 1200
2 3352 3687
2 103 2599
2 3300 279
2 1664 1466
2 3213 809
2 1390 1289
2 444 3015
2 1230 1480
2 1762 1615
2 3709 2685
2 2663 923
2 50 364
2 371 3110
2 2351 329
2 1113 3559
2 3382 3086
2 3057 3258
2 2659 1797
2 1710 120
2 2194 3388
2 2025 1562
2 1200 883
2 1489 125
2 2283 1787
2 3238 3662
2 837 2761
2 1340 66
2 1569 1905
2 2120 436
2 2387 3423
2 2296 2647
2 1133 2036
2 199 3286
2 3737 2771
2 3019 3471
2 2370 1972
2 3043 3272
2 3506 559
2 16 3675
2 3742 569
2 3310 1309
2 2298 838
2 3187 3371
2 1173 2385
2 2071 114
2 2177 2238
2 2739 3047
2 3255 1932
2 3735 1594
2 134 2863
2 1765 2688
2 1530 3339
2 817 2914
2 56 2946
2 548 1711
2 860 3588
2 3173 3766
2 2965 1267
2 2454 3740
2 1546 401
2 3127 1181
2 2489 870
2 2074 2447
2 2850 843
2 3192 1050
2 20 2899
2 73 2853
2 819 1027
2 1383 1778
2 3205 631
2 3359 196
2 2473 22
2 3751 2109
2 1528 593
2 3484 2783
2 3544 3545
2 1954 3465
2 3575 1994
2 1803 1576
2 2463 229
2 1125 3637
2 2910 3435
2 468 3016
2 896 1111
2 1866 2787
2 2189 672
2 1579 380
2 2799 1328
2 210 41
2 3486 2003
2 61 1827
2 1616 749
2 374 117
2 3293 3545
2 3375 1225
2 6 3694
2 2049 3328
2 559 2352
2 3522 2062
2 1103 1816
2 614 3231
2 1474 3222
2 2110 2018
2 1326 3524
2 2315 486
2 373 1783
2 2275 1997
2 1325 3717
2 2754 3128
2 2257 2635
2 340 1322
2 3022 2301
2 3304 1250
2 2069 800
2 2734 736
2 2859 2526
2 2654 3513
2 2952 3585
2 3404 291
2 38 2158
2 410 378
2 3721 1697
2 1781 2236
2 3627 911
2 1869 1072
2 1891 2508
2 1796 2682
2 2368 2674
2 2222 624
2 3532 367
2 2016 231
2 1385 748
2 3412 304
2 584 2305
2 2824 2751
2 2226 3584
2 3713 1598
2 612 2730
2 105 997
2 1719 420
2 2402 491
2 2362 2311
2 59 2957
2 1761 2258
2 3104 3094
2 2626 2402
2 3702 680
2 2862 3354
2 678 2809
2 2810 1210
2 382 2561
