7860 1600
3 497 2044 7395
6 1 2761 2948 4876 6866 7347
6 1949 5385 6137 6834 7193 7380
5 3855 6276 6709 7544 7770
3 2266 3011 3272
2 1049 4336
7 2580 3380 3739 4178 5536 5763 6678
7 246 872 1784 2022 3130 3142 3318
3 1273 1375 3156
6 735 1365 1792 3012 4184 7473
7 766 3251 3731 3983 4766 5791 6837
5 939 1528 3952 5124 6256
6 151 251 577 2219 4304 7184
6 1131 1580 5195 5224 6198 6245
7 1795 2430 3302 4364 5837 6227 7787
2 2551 7265
2 3039 7782
2 3257 4619
6 1294 1989 3527 4017 4570 5425
6 1696 2369 3123 3840 5777 5926
4 909 2317 2420 4130
4 901 1413 4190 7407
7 289 1626 1642 2429 2884 3074 7743
2 2873 7189
5 287 1158 3723 3782 4260
6 689 1692 6194 6777 6782 7462
5 711 3197 5194 6133 7277
2 5237 7672
6 3775 4348 4466 5059 5557 5688
5 1684 3665 4492 6107 7091
2 5013 5729
6 143 1394 1939 1943 3091 4147
4 3490 6322 7234 7644
4 1215 1239 3146 5192
6 176 612 1284 1954 5126 7008
6 1789 2117 3973 5293 5440 7703
4 1035 2260 2608 5996
2 3511 5993
2 5072 7579
4 2108 3905 4238 5171
7 90 208 1232 2802 6547 6558 7734
5 277 1789 1896 2764 4143
3 228 1883 4658
5 2862 2912 3713 4848 4894
4 236 2491 6947 7349
7 699 2674 2876 5447 6113 6406 7646
2 1707 7252
6 97 921 2037 4716 4788 7465
6 1541 2179 3748 4247 6005 6703
5 1013 1088 4725 6585 6625
4 869 4054 4092 7373
2 256 4783
4 228 278 2125 4378
6 726 1016 3687 4217 6069 6868
4 4044 4420 5388 6867
3 4397 4556 6533
5 305 340 933 1652 7553
5 1677 3628 5056 6981 7131
4 236 809 2552 5532
3 1056 6757 7783
7 814 3988 5353 6309 6811 7041 7689
7 1743 2762 2777 3745 4693 7287 7551
5 351 3347 3862 4179 4738
3 2284 3410 4242
4 1012 3478 4542 7263
3 571 3123 7068
6 475 656 3971 5455 5985 7848
4 4611 5423 5563 6625
5 221 831 3565 4739 5712
6 2518 4472 5666 5739 5827 7700
2 6167 7751
6 927 975 2476 3104 7197 7596
2 390 1848
4 366 3355 3917 5760
4 594 3837 3844 7511
6 3352 5194 5226 7082 7738 7850
3 932 1165 4460
2 2281 5629
7 2496 2918 2961 4721 6369 6502 7393
4 2249 5295 5941 7856
6 3144 3214 4032 6966 7278 7646
2 459 4653
4 130 2582 4913 6162
4 3505 3835 5367 7077
5 2907 3177 3730 7054 7711
3 283 563 2043
4 1275 2193 2203 2707
2 3492 6850
2 25 1333
6 58 1516 3655 4595 5626 7105
5 2899 3846 4037 4667 5689
3 1497 2686 2756
4 1527 5015 6083 6745
4 1419 2335 3096 7676
4 700 5791 5997 6864
4 796 1658 5543 6249
3 158 7038 7217
2 1859 2266
5 2086 4363 6092 6905 7245
4 931 1098 5095 7231
4 1632 7305 7442 7476
6 375 1737 2719 3677 4964 5893
7 1936 2480 2889 4143 5289 6611 6898
2 4 7716
2 1970 7268
2 746 2232
5 21 2116 3669 5194 6184
5 467 1584 2753 3465 3952
6 1384 3444 4340 4472 4510 4826
2 601 6662
6 847 1530 2255 4136 7095 7851
5 344 1322 1563 3407 6967
7 1510 2609 3842 4084 5168 6742 7748
6 496 1779 2795 5418 5782 6685
6 318 496 3983 5715 5880 6751
3 6064 6217 7745
4 514 2799 5439 6388
5 631 2562 4104 6829 6868
3 316 4210 4303
5 168 1970 3259 3459 4825
6 1343 3111 5430 5767 6283 6328
5 548 1145 3341 4613 7002
3 2817 3881 7082
2 3613 7681
4 1103 2802 2889 4678
3 234 452 7559
5 168 664 2487 3371 3511
3 1424 2338 3033
2 6437 7352
2 2725 3348
7 787 1834 3122 4315 5381 7480 7528
6 82 526 3967 4568 4598 4964
3 2614 3617 5463
3 2754 3449 7791
3 100 5725 7151
3 960 3728 6683
7 1259 1873 2961 4626 4830 4992 6723
2 2414 5180
2 514 2335
5 594 1351 3517 6075 7138
2 4327 5517
6 138 2185 2736 3358 5831 7215
5 121 1743 2823 4439 4862
5 166 2227 2246 3011 6791
4 690 766 1156 5008
6 359 3319 4426 4542 5044 5470
3 908 3710 6436
5 1796 6099 6366 6822 6975
4 1239 2928 5293 7062
3 2309 3598 5178
3 250 1593 4356
2 4861 7120
2 1099 3098
4 1206 2131 3547 4613
3 2531 2688 4725
2 4162 6878
4 1749 2706 5214 6878
6 34 1368 2978 3049 3955 5972
3 917 3474 5378
6 1055 1775 3969 4116 6161 7259
4 5181 5586 6669 6853
5 1862 3452 4121 6689 6891
6 312 1162 3116 6288 7223 7238
6 3 711 2448 3260 4426 7660
3 942 4718 7830
3 2063 6361 6735
7 331 499 868 4180 4239 6450 6968
3 134 7232 7771
6 201 340 1379 3681 3958 5197
3 1760 2534 7443
3 2265 3534 6800
3 353 1569 6010
2 159 4140
7 249 1766 1960 2397 4288 6325 6920
4 314 1619 5435 7727
3 499 5332 7156
4 2790 6094 6541 6829
6 22 39 1835 4563 4595 6922
2 1440 7092
2 1460 7573
7 128 674 1117 3427 4251 6416 6606
7 41 2624 3766 4078 4247 7172 7700
3 4103 5239 5363
5 3444 3772 6346 6523 7104
4 414 819 2386 4563
4 118 707 4315 5448
4 2246 4183 4653 5463
5 2829 3488 6055 6649 7062
6 117 1873 1885 3714 3761 6893
6 486 2087 2582 3304 5453 5829
5 156 1805 5576 6001 6985
4 1227 3972 4060 6346
5 1502 2523 3496 3699 5182
5 492 1068 2578 5374 7386
3 2547 4574 5647
5 758 4818 5360 6383 7682
2 3106 7377
3 1518 5951 7695
6 863 1123 3054 3463 6138 6365
7 1976 3270 5099 5805 6855 7093 7343
3 992 1812 3618
4 198 1495 2833 4236
4 110 956 4880 4988
7 820 1462 3289 3772 3986 6069 7493
7 322 1575 2556 2678 2903 5027 6626
5 73 2435 4459 7204 7513
4 1657 1966 2340 4600
2 501 6067
5 1277 5571 7149 7484 7751
3 928 5038 7599
4 395 1491 3024 7388
4 1827 3806 5287 5766
4 1134 3997 4377 4973
6 2403 2609 2793 3853 6297 6762
6 1601 2135 4947 4970 5929 6871
5 925 1699 3261 3796 7455
4 1985 2299 5962 7287
2 1224 2312
3 192 4102 5203
7 1476 2626 3270 3659 4680 4742 7706
7 2489 3720 4152 5742 6371 7393 7647
4 123 2642 2787 7058
3 2789 3225 3399
7 5 133 274 1256 1407 4197 6766
6 348 805 1248 1336 6618 6971
4 2579 4219 4278 6506
4 4217 5373 5953 6071
7 3504 4236 4690 4935 5432 6872 7844
7 1009 2161 2164 2165 4308 7072 7505
3 2647 5042 7183
5 4777 5329 5512 5928 7136
6 585 1703 3279 4881 5125 6556
5 2047 2782 3799 4715 7001
5 1226 5199 7681 7700 7739
7 1360 1744 3668 4133 4790 5690 7560
3 836 5179 6749
7 1498 1917 2065 5462 6035 7004 7162
3 1928 4770 7751
6 687 868 1230 1718 5312 6544
6 2216 2477 3275 3698 6112 6570
7 116 962 1782 1806 4688 6400 7459
2 2132 7206
5 2073 2185 3169 5563 7839
5 930 3683 3851 6537 7610
5 890 1595 2149 4980 5577
5 133 2126 3935 4425 6190
5 247 1834 5068 6987 7244
2 1289 4214
6 1045 1855 2249 2450 2908 7012
5 1252 4608 4948 5364 5384
4 2961 3613 4377 6979
6 754 2173 2668 5946 6425 6936
7 1276 3787 5158 5186 5477 7028 7092
4 110 1120 1759 6164
5 225 2076 4159 5371 7279
7 1940 2183 3578 3781 5599 6577 7710
6 510 3277 3940 4026 4906 7308
6 594 2191 2555 4718 6240 6732
7 1248 3030 3818 4964 7417 7631 7811
4 4326 5500 5971 7212
6 4018 4311 7282 7431 7740 7807
4 1424 2475 3700 5819
2 5667 6667
7 221 1629 2337 2840 4483 5197 7433
4 836 1554 3354 5088
7 3292 4491 5161 5305 6318 6942 7828
3 841 3353 6839
5 2076 4677 5070 6016 6475
7 1096 2920 3083 3486 3507 6615 6887
4 915 2914 6420 7485
7 709 1973 2822 4628 5523 6461 7840
2 2076 2402
4 430 4554 5236 5354
5 575 972 4048 7051 7510
2 3255 5722
4 769 1066 6013 6124
7 882 1710 1993 3824 4457 4917 6203
4 3874 5511 6040 6600
3 249 410 2207
7 29 967 1472 3614 3812 4676 5794
4 860 1380 2980 6638
7 3023 3158 4512 5573 6144 6519 6534
5 2211 2217 4949 7065 7668
6 1335 3690 7063 7091 7605 7740
5 1086 2760 4451 4473 7713
6 337 1011 3419 5135 6032 6415
3 1906 7078 7527
3 200 1798 6326
5 480 1769 5063 7168 7583
6 1497 1909 1915 2342 2731 3526
6 670 1034 4465 6384 7421 7858
6 47 854 1806 3568 6063 6554
7 307 868 974 1736 2396 3761 4409
7 216 2449 2828 3090 4039 4926 7293
7 770 3683 4529 5110 5257 6701 7734
4 2467 2679 4608 5388
4 858 3583 4550 7366
3 1813 2743 6083
4 2004 3430 4779 7701
2 2288 6775
6 1120 3444 3612 4607 7306 7522
4 83 1702 2125 6286
4 1188 2059 4542 7431
6 359 2131 2255 2570 4822 7663
2 3864 4020
3 1528 1897 7361
5 824 3018 3430 4367 6233
4 376 1414 5524 5533
5 1887 4838 6389 6392 6507
6 96 1772 4635 4636 6111 7244
3 2405 6849 7421
2 109 4021
7 149 158 670 3733 6009 6757 7036
7 154 666 853 1291 5840 5961 6018
6 156 304 1265 2894 5605 6159
6 1380 1883 2461 3632 6409 6566
7 1543 3106 4578 4604 6550 6665 6901
2 4686 7661
3 486 2684 4130
4 2018 5027 5790 7633
7 200 676 1064 1343 1563 4138 6499
5 754 1054 6408 6414 7227
6 362 2614 3335 4042 6810 7707
4 669 3183 3431 4567
3 1272 2241 2940
5 456 503 1222 5010 5436
7 748 1893 2165 2524 3267 3534 4422
5 1666 1742 2788 4499 6197
5 1032 2703 4701 5917 6229
2 5126 6984
4 4473 4641 5638 5777
5 3271 5003 5022 7159 7770
3 1891 2763 7405
7 382 655 2221 3596 5192 7641 7741
2 2418 2495
7 407 2762 3621 4444 4820 5454 7436
7 1377 1565 1750 1765 1905 2412 3768
4 4662 6298 6786 7833
6 2750 3185 5248 7043 7483 7708
2 2404 6134
4 1217 4334 5338 6125
4 389 2377 5106 6379
6 1045 4286 4392 5587 5883 6464
7 900 1166 2395 2705 3534 6476 7687
2 2181 7420
6 1714 3716 6244 6952 7122 7425
3 1157 2233 7313
2 315 7285
5 2278 3095 3170 3425 6294
6 133 5606 5725 6711 6835 7321
5 1892 1902 4351 5629 6319
5 2751 4410 5559 6123 6523
7 520 528 1392 1750 4304 5623 7618
2 5195 7564
4 277 477 1063 1334
2 5600 7118
6 67 1344 2051 2728 5250 5952
7 772 1126 1485 1557 2779 5273 5873
5 389 1493 1612 7193 7686
4 1041 1794 2044 2066
3 1909 3239 7129
6 2288 3096 3533 4940 6581 7147
4 1660 1953 3488 7322
7 1615 2631 3054 3190 5755 6775 7017
5 182 1615 1651 1953 2607
5 225 466 5350 5948 7648
5 323 2745 4494 7366 7588
3 4573 7032 7233
4 49 672 1524 7819
3 1117 5737 5966
4 3355 3423 6208 7556
5 1124 3932 3996 4456 7453
2 107 1969
5 1815 4738 6648 7150 7383
4 356 1761 7356 7794
4 1016 1647 2777 5563
5 2876 3065 4118 6123 7426
2 449 4055
5 1 2409 3596 4193 4308
4 1550 1717 3059 4191
2 4218 6348
2 3106 3216
2 1546 3051
3 4422 5990 6567
4 3940 5173 5900 7380
6 561 2065 3304 3558 4742 5539
2 1092 6737
6 632 4289 4384 5500 6761 7192
7 566 1371 1830 4675 5002 5385 7284
6 69 2202 2941 3358 5709 6381
2 577 3126
6 699 1499 1799 2436 3316 6444
3 1543 5856 7757
5 2709 3475 5264 6242 6727
2 3981 4311
3 2111 2303 7486
4 508 2310 7188 7462
5 1060 3714 6396 7556 7836
3 2748 5947 6743
4 2144 3402 3581 5491
6 1431 3628 3657 7209 7381 7526
3 802 5987 7310
2 3427 5427
5 974 1370 1567 1762 7850
4 1638 2420 3969 4020
5 2905 3101 4677 5499 7450
2 1743 2800
2 4476 4664
3 405 2808 4965
7 2140 3192 4112 4821 4838 4961 5716
5 270 4210 4673 5332 6688
6 2403 4511 5665 5885 5928 7377
6 1629 2545 2843 3650 4956 5149
2 2820 5349
5 1345 2041 4226 5939 6869
7 986 1234 1467 2707 4242 6882 7545
7 551 713 796 1885 2083 3507 3960
2 1184 2980
5 1794 2921 5016 6497 7342
6 2641 4180 5076 5907 7012 7827
2 1396 2084
4 1354 4195 5572 5738
2 436 2095
3 1345 2784 4195
4 1858 2756 6211 7363
4 350 2680 5488 6000
2 6620 7778
6 1623 2731 2907 3251 4143 6560
2 1611 5900
7 31 2490 2771 4172 4933 7204 7734
5 1958 5108 5888 5968 6350
5 737 1675 3200 4628 6491
4 311 2476 6919 7025
2 4585 6548
4 2564 3195 5745 6692
3 73 1209 5921
4 1055 1926 4295 6065
7 259 312 1254 1314 1571 4311 7509
4 801 5127 5838 6657
5 583 738 3376 4714 6466
3 24 1703 7360
7 621 947 3787 3994 4358 4905 4989
5 1820 2929 3673 4944 5340
4 141 238 3356 5999
2 1021 7320
4 3974 4343 5918 7651
4 2844 3183 5374 6844
6 918 1355 2795 3196 4602 4776
7 175 3084 5052 5149 5586 5979 6854
3 2105 6302 7282
5 1988 3518 6540 6682 7736
7 1131 2469 3229 4417 5166 6704 7407
6 1365 3397 5061 5585 6157 7771
5 513 666 1043 3870 5831
4 2249 3706 4590 6508
2 116 1723
4 1875 2407 4280 4647
4 827 1470 2217 3202
5 335 818 3453 4135 4483
2 594 6110
4 3055 3099 5665 7397
5 2851 3752 3939 6059 6257
6 1781 2292 4644 5208 5711 7810
4 997 2272 3560 7161
7 118 2591 3801 5648 6021 6750 7257
2 4181 6033
6 1997 2613 3248 3718 6163 6270
7 21 1175 1821 4516 6729 6984 7362
3 3412 4020 7042
7 719 1244 1510 1749 5427 5769 7784
6 907 2032 2700 4785 4794 6204
6 1413 2788 4468 5230 7367 7701
4 3100 4598 7332 7807
4 2709 4893 7289 7607
2 2406 7440
7 644 754 1949 3304 3437 7090 7515
3 58 2956 5580
7 1715 2160 2874 4000 4368 4590 4632
6 2470 2957 4733 4901 4951 4992
3 2227 6817 7444
6 510 1608 1637 2920 3962 7840
4 1047 4209 4808 5457
5 490 861 1138 1874 3626
5 841 3342 3557 5068 6901
3 1544 6202 6957
2 1022 7739
6 4129 4510 5388 5541 5761 5795
4 4469 5733 5781 7828
2 1552 1971
2 2489 3702
3 1003 2414 7213
2 5269 5753
5 292 1789 2287 3911 4291
3 1900 2801 6102
2 4519 5399
5 1296 2793 4312 5022 6955
2 1399 5041
7 676 718 3413 3806 3966 5227 6793
7 745 1373 2799 4374 4526 4611 5352
2 2900 6259
2 2904 7575
7 51 4321 4670 5611 5787 6427 6640
4 190 5295 6317 6813
5 161 5878 5915 6157 6864
5 702 1712 6849 7614 7696
6 3600 5086 5167 5488 5687 7059
5 1558 1801 3314 5678 7563
6 334 477 2024 4116 4659 7622
6 1475 5620 5688 6531 6636 6995
2 1311 3645
7 1535 1861 2205 3293 4388 5191 5945
4 3721 4018 5969 7543
3 3227 4535 6095
2 4895 7719
5 2354 6712 6882 6915 7786
3 1304 1307 4123
6 688 2372 2796 3435 6670 7173
3 1605 2324 6615
2 5979 6623
4 1876 2621 4364 4947
2 130 3133
7 10 3169 3831 4155 4444 4519 5982
4 133 156 5565 7331
2 4178 5301
4 391 2951 3149 4546
6 193 4055 4341 5150 6503 7099
7 827 2583 4416 5474 6320 7040 7716
3 695 4018 6572
2 2953 3406
3 669 2110 2442
3 3110 5738 7330
2 5178 6988
3 2549 4093 5084
5 1504 1552 4205 4800 6914
3 1633 5140 6254
6 540 552 1390 1521 4550 5230
5 138 836 996 1744 6238
4 717 2106 5483 7697
4 181 404 6251 6678
4 3975 4150 4348 4886
3 3069 4123 4697
3 860 2808 4597
4 879 4608 6486 6594
4 411 714 1682 6054
4 1744 2328 5577 7406
5 380 1816 5301 6877 7069
3 2132 2400 6971
2 3307 4150
4 180 481 3407 4077
2 3156 3218
7 27 446 547 2272 5122 6230 6661
6 1875 2099 5149 5225 6374 6525
4 360 1978 4225 5943
6 2996 5109 5325 6082 6837 7748
7 297 3683 3819 4394 5558 6353 6354
5 1122 1798 1816 3187 4300
3 1418 4176 5056
5 167 3206 4686 5882 6209
7 961 2743 3383 5274 5605 6095 7003
5 1104 3017 3442 4596 6820
7 1155 2181 2591 3032 4642 4958 7271
5 329 531 2339 2685 2791
5 62 1898 3579 3731 5341
2 6151 6167
2 807 916
6 344 2054 2982 5320 6161 7433
5 4211 4732 7653 7816 7821
2 1384 5152
4 2597 2954 6713 7675
4 226 1160 3951 6488
2 1159 3434
3 1539 3217 5851
2 1716 3948
7 775 1208 1533 4678 5682 6879 7046
3 408 2084 4386
6 899 1283 1306 3094 6157 7134
7 161 2981 6156 6216 6294 6386 7268
3 1438 3531 4334
5 438 2435 3263 3317 5539
5 2275 3022 3044 6244 7269
3 169 5875 7793
4 780 4137 4252 4364
4 4363 6067 6072 7654
4 517 2214 4218 7444
2 5318 7162
3 485 2031 6142
5 1607 3313 3464 5441 7607
5 945 4096 5299 7241 7306
7 205 837 1068 2762 5769 7014 7738
2 364 1274
7 1577 1749 2168 2612 4432 5070 6636
7 2312 2729 3129 3409 5483 5837 6409
2 295 6873
2 5488 6684
2 352 7531
6 2403 3254 3663 4538 6113 7236
7 1126 4924 6214 6532 7686 7754 7806
4 1040 1179 6578 7396
7 1108 2297 5182 6307 6749 7567 7857
4 5172 6040 7056 7142
5 2077 4793 5542 5905 5934
7 2173 2797 2948 3253 3517 6151 7487
5 640 1379 4541 4983 7803
3 1245 1330 5867
6 1598 2719 3229 4829 5273 6252
6 596 1461 3414 4584 7367 7802
2 782 6220
3 1477 4945 5244
6 1617 2408 4209 4481 6835 6850
4 2659 5078 5226 5924
5 1527 3368 3587 4389 7479
2 344 3179
4 5752 5758 6864 7286
6 1427 2319 5132 5829 7269 7702
7 1237 2670 3485 3738 4437 6923 7112
6 562 2236 2777 2893 4037 7361
6 207 2250 2845 3971 6951 7220
6 153 1584 4104 5818 6787 7196
4 2636 3860 4210 7854
2 2273 7801
3 526 4572 5249
3 2269 2409 5614
7 1891 2004 2063 2327 4719 6314 6772
2 609 7440
2 2861 7279
3 350 4603 6096
4 275 978 4232 7025
3 208 1114 5902
5 158 1492 2086 2318 7230
5 573 1817 2947 3211 4116
6 1032 4239 4306 7280 7385 7711
7 504 1199 1249 2786 2886 5540 6302
2 2015 5586
7 1736 3917 4081 4238 4500 6395 7002
2 1034 6709
4 3001 4160 5166 6781
4 3344 6432 7206 7604
3 1244 2723 3815
2 2903 4426
5 2592 3012 6437 7456 7849
7 77 1387 1699 4174 4360 6329 6725
3 108 1481 2164
6 1666 2034 2432 3963 6963 7570
3 3403 6827 7284
2 388 3601
4 1739 1740 5560 7203
2 2179 2271
2 146 3705
4 41 1985 3294 7016
6 845 1232 4191 4461 4827 5152
3 6879 7006 7473
7 2741 3555 3908 5754 6086 6373 7155
6 116 386 1723 2090 4367 4379
6 1069 2558 3885 3947 4526 5344
4 1003 1607 4249 7153
6 761 2893 3531 4544 5040 5297
5 1811 2051 2753 4001 6373
6 343 1781 2199 2762 3813 5183
7 1223 1507 2124 2509 4057 4498 5343
6 5 986 3026 3042 4098 5314
4 435 2945 4099 6150
5 375 627 3524 5912 7367
7 2812 3210 3718 4882 5886 7132 7261
2 3637 4613
5 2528 4285 6138 6507 7535
5 1527 4841 5294 6014 6901
4 2189 4199 4468 5467
5 2808 3659 3682 4850 7591
7 1493 3162 5053 5480 6065 6981 7742
3 686 2860 3767
7 341 1741 2204 3582 4900 5832 7806
5 2236 2650 3772 7010 7366
6 2253 2501 3478 3945 5266 6004
3 1464 4589 4748
4 787 3709 4767 6659
3 451 1168 2698
5 2748 3116 5161 5785 7218
4 19 1519 2486 6094
7 902 958 3028 5241 6344 7264 7559
3 2949 3790 5467
2 6135 6503
5 605 4928 6036 7501 7561
3 1060 5561 7562
2 1135 5642
5 1233 1631 3523 4515 5231
2 1525 7760
5 1835 2889 5071 7594 7781
3 2727 4247 7640
6 927 1199 1694 2831 6614 6778
5 549 1005 1146 3136 5299
7 663 1330 1367 2099 2340 3926 5056
7 266 688 1334 3448 3664 4644 5978
6 1659 3165 4267 5432 5571 7014
3 1970 3603 7017
4 610 1389 3767 7117
7 1306 1727 2446 4708 5459 7340 7401
2 1716 3399
5 859 2422 4179 6372 7743
5 1232 4084 5457 6274 7526
5 2087 5565 6216 6652 7350
7 200 574 2700 3097 3815 5445 6616
2 7576 7668
7 1487 3008 3286 5522 6477 7255 7444
7 690 1739 5480 6009 6234 6477 7510
7 1323 2118 3768 5315 6502 6957 7358
6 560 684 2230 2469 4963 7501
2 2111 3253
6 803 929 1789 3501 4208 6060
5 1852 2330 2860 5319 6416
6 1041 2897 4837 5812 6529 7236
6 103 286 2517 2977 6230 6434
2 660 2109
7 282 3276 3546 3717 5773 6090 6915
3 2612 3206 5773
3 2514 2589 5422
3 328 456 6989
6 178 4759 4872 5754 5785 6896
4 279 330 1017 5106
6 2316 2595 3454 4233 5337 7259
3 198 4319 6844
7 1150 1916 4350 5289 5697 7137 7701
2 158 1821
7 2061 2322 2736 3296 4360 4879 6086
5 3958 6226 6649 6846 6860
7 850 5327 6088 6397 7709 7731 7745
4 205 957 1556 3242
2 936 5823
2 7212 7365
2 1010 2049
5 1093 3232 3355 4381 4829
6 718 738 3637 6789 6907 7742
5 2081 2804 4167 5769 7530
6 2455 3618 4337 4426 4636 7611
6 1194 3028 3238 3711 4520 5510
6 119 1538 1683 3873 6722 7157
7 403 1896 2016 3395 4844 6886 7433
7 518 1156 1666 4808 6513 7205 7747
5 66 2878 3869 5133 5311
3 3290 3485 5716
6 66 932 2446 2779 6764 7530
3 783 3781 4312
7 1883 2874 3867 4612 6416 6447 6673
3 1708 5080 6118
2 5024 5350
3 81 747 6010
7 1137 1554 1641 2027 4299 5033 7110
6 160 2754 3825 4664 5519 7804
3 2914 3553 4831
3 705 980 6735
2 1350 6195
2 5692 6673
4 771 1696 2498 3481
4 511 693 5379 7282
5 1636 1673 1876 2371 3186
4 856 3932 4000 7531
2 3362 3879
2 4293 5458
4 5001 5472 6906 7579
5 1772 2309 2458 3810 7430
5 13 125 686 2284 7554
3 2465 4254 6743
4 2829 2971 6174 7062
7 3164 3714 5499 6020 7512 7763 7764
2 307 457
6 1549 1639 2659 3482 7264 7443
4 4100 4184 6471 7052
3 1865 2116 5969
2 2866 4050
5 2646 3791 4845 5108 7386
7 207 211 1249 2893 3050 3772 7190
3 983 2134 2714
7 743 2550 3731 5041 5070 6580 7225
7 642 1787 1831 2551 2788 3382 5215
5 703 4472 5839 6948 6967
5 37 2365 3945 4280 4728
6 439 1385 1602 6157 6795 7401
7 4615 4939 5149 5542 7203 7678 7790
5 3621 4040 6051 6399 7754
5 1364 2389 2995 3185 7827
3 149 1029 5808
3 1756 4518 6689
5 398 1572 2864 5230 6687
7 3300 3608 6191 7015 7144 7182 7271
2 761 4896
3 4376 6321 7133
6 284 847 893 3633 4059 7214
6 1293 3105 3739 4199 4343 4737
5 1813 4330 5667 6114 6723
3 1548 2358 6681
5 3586 4298 4394 5568 6844
2 1067 4401
4 3348 5434 5564 7638
3 2147 2282 7645
5 137 420 5011 6508 7709
5 3133 4946 4974 5381 5640
2 3286 3927
3 5417 5764 6871
6 452 1739 1790 3077 4025 4052
7 3101 3621 5172 6036 6447 7569 7633
4 1762 3680 6590 6612
5 1247 3350 5409 6154 7540
5 1864 2375 3277 4510 6804
6 278 1268 2999 5734 7471 7730
2 3710 6895
4 490 1104 3961 4567
6 680 979 2082 2500 6586 7445
4 828 1825 2767 7379
5 323 2534 2842 6160 7386
6 963 2200 3594 4036 6210 7089
3 278 2529 3046
3 2940 3764 6099
3 4355 5380 7366
2 4044 7509
2 954 5432
5 831 1029 4696 4731 7374
3 3357 5148 6726
2 4189 4736
3 903 5577 7828
5 166 463 3559 6172 7099
4 967 1135 2679 3852
6 694 3823 4477 5874 5916 6455
3 243 7547 7622
3 540 667 740
7 39 976 3502 3505 6030 6826 7058
2 2555 5345
5 1495 1949 3789 3964 4560
6 3218 4494 5263 5518 5625 6575
2 3253 7330
3 1481 1965 5232
5 859 3183 4814 5130 7632
6 1806 2209 4833 4969 5565 6227
2 3848 4959
5 302 1835 3891 5173 7071
7 267 1156 2007 4512 5521 5528 6825
4 2752 3678 4162 7811
3 4593 7066 7776
6 905 956 1361 1381 2813 6761
3 108 1500 7847
7 120 1308 1612 2249 2676 5579 7802
7 248 1380 1593 2582 3516 5069 6216
4 366 815 1989 7015
2 3177 7654
5 732 3000 4162 5281 7798
4 1285 1330 1544 2394
7 307 1014 2300 2541 4416 6297 7321
6 304 379 398 714 3031 7268
7 3432 3720 3825 3943 4605 7145 7264
4 1084 3021 6755 7255
4 1810 3538 3664 6204
5 598 1505 4542 5796 7441
7 1973 3396 4634 5052 5968 6415 7768
7 263 1211 3191 4887 5876 6400 7313
6 2084 6009 7083 7699 7758 7767
6 612 1923 2254 3263 4880 5715
5 494 1539 3377 5642 5955
2 5254 6048
5 11 3263 4197 4393 7605
4 2108 4390 4693 6078
3 3798 4484 7470
7 372 1754 2697 3846 7076 7201 7325
4 2168 2521 6703 7564
2 3632 5215
2 950 4379
5 281 1005 2024 5096 6699
7 355 1952 4951 5763 6097 6325 7171
2 1097 6693
3 4673 4804 5144
5 4539 4749 5259 6783 7497
5 5202 7166 7558 7636 7829
4 3458 4371 4424 4926
6 2952 4338 4665 4701 5103 7207
5 2153 4583 4979 6461 7631
4 1488 5725 5728 6891
2 246 1220
6 1844 2762 3642 6548 7458 7470
2 2888 4209
7 122 351 1926 2764 2830 3703 3995
3 1376 6721 6732
4 109 2177 2748 5583
4 700 2513 2520 3003
4 3255 4322 6064 6844
5 2801 2960 3357 4724 6222
4 429 5713 5901 6591
7 215 1875 2924 3267 3574 4674 7123
6 1010 1185 2540 3613 5481 6912
5 2470 2958 3596 4377 4714
2 4718 7042
2 75 1319
3 1351 2128 7056
7 732 2498 4304 4970 5620 6835 7733
4 2428 2862 3312 4061
6 1744 2457 2916 3211 6054 6431
4 884 3266 4780 7295
7 338 2488 3724 3728 4075 5025 5407
4 1275 5926 7414 7667
7 431 3058 3382 3765 6106 6732 7016
5 188 1711 6692 7401 7503
7 1057 2139 2662 3600 4407 6489 7751
7 376 1034 2104 3710 3741 3792 6996
3 498 1604 6191
4 1737 2355 4112 4613
6 164 1321 1354 4789 4830 7054
5 1001 3400 4114 5893 7300
5 194 3108 4260 4591 6119
6 2520 3381 4157 4457 5104 7859
3 313 6899 7859
6 1793 1818 4789 6302 6309 6413
2 2991 4190
5 248 1845 3851 5596 7615
2 1534 6295
7 245 1615 2402 4061 4418 6702 6973
5 2614 4106 5911 6099 7558
5 352 1202 2458 3226 5841
7 824 916 2493 4032 4879 7108 7181
5 1436 2935 3078 3232 6503
3 2966 6212 7725
2 530 2488
6 1419 2309 3732 3788 5525 5593
6 540 1201 2247 2267 2391 3265
5 304 2605 2832 3976 6672
4 48 1848 4842 7538
4 643 846 5531 5866
2 2355 4462
2 1296 5111
6 2320 4399 5885 6471 7520 7703
5 937 1143 1478 1875 4488
2 5445 5595
6 572 1229 4066 4327 4390 7753
2 2502 5544
5 1612 4516 6373 6685 7545
4 39 422 1628 4836
2 2514 5492
6 1150 2142 2281 5128 6289 6648
2 728 5661
4 2197 6219 6368 6805
6 454 1144 3642 4537 4834 7742
6 360 1146 1955 3434 3549 7319
2 4206 7528
6 1371 3068 3699 4103 5593 6960
4 33 1426 6995 7343
4 4745 5603 7315 7707
3 2719 2951 6600
2 2752 4112
7 505 5638 5644 6922 7331 7559 7644
4 1093 1323 2502 6236
5 269 4180 4345 5001 6926
2 4605 7633
5 2745 3498 5122 7593 7727
4 387 1437 5613 6371
7 1078 1519 2045 2374 5335 6614 7087
7 654 1550 2768 4571 4888 4956 5022
5 2821 3720 4153 4781 6722
5 279 3880 4589 5083 6587
4 1064 3261 7066 7175
3 3378 4062 5557
6 939 1385 2727 3943 6374 7841
4 3095 4138 6338 7055
6 3463 4168 4223 4638 5427 6784
4 703 2762 3155 5934
3 896 4665 5314
6 672 2224 2348 2883 5570 6431
3 3929 6928 7032
5 588 1207 1955 2472 4178
2 2826 6546
7 70 333 1902 2213 5648 6000 6873
2 2364 4271
5 2273 2744 3283 4944 6521
4 3225 5562 6670 7273
6 339 2451 3629 5777 6303 7221
5 790 1475 3903 4016 6840
5 4768 5590 7069 7242 7361
2 347 4404
6 1102 2358 4112 4132 4849 6709
5 1295 1913 2026 5261 6337
2 2615 3217
7 1060 1463 3077 3930 5430 5555 7696
2 4197 5659
6 453 2211 2573 4044 6476 7576
4 1899 3266 4655 7651
7 402 552 736 1374 2196 4702 5646
2 2368 3905
2 2785 7592
4 2481 3321 4873 5584
7 545 749 1090 2639 7277 7603 7654
4 1407 3684 4685 7838
2 763 2423
2 1772 4994
2 156 5380
5 1841 2341 3747 4921 6232
7 506 1175 2699 2711 6152 6228 6645
5 2703 3694 5066 5164 5570
7 242 3611 3678 5719 5929 6406 7461
7 322 1194 4029 6293 6574 7414 7425
7 14 1656 2810 4403 6194 6867 7664
4 4142 5465 6120 7501
3 847 3772 3858
2 1750 2060
4 3684 3802 4593 4980
7 782 1374 2766 2895 3016 4873 7668
6 1027 5186 5406 5900 6972 7378
7 1940 2017 2128 2364 3571 4560 6360
7 1087 1399 2160 3330 4068 6387 7170
5 2072 3507 4427 5960 7802
6 395 629 3198 4152 5678 6445
6 849 1928 3278 4274 7456 7458
3 956 3017 7167
7 1490 2174 3741 4471 5473 7191 7576
7 951 979 2801 4854 4899 5793 7234
2 2217 4532
6 5 523 2700 3314 4549 5086
7 743 3361 4475 4774 5366 5822 6756
2 3429 5239
7 1029 3630 4815 5636 6144 6799 7143
2 1131 7743
6 1292 4746 5014 5018 5449 7703
3 336 3636 5900
4 2496 3431 4147 4552
7 868 908 1032 3953 4694 5299 5524
6 2231 2942 3655 5584 6572 7815
3 1540 2475 6176
4 5047 5500 5899 7808
7 457 574 1293 2425 2810 6229 7425
3 287 2088 5178
5 774 2202 3625 3877 4065
5 2128 4333 5475 6042 6652
5 662 769 4403 4951 6227
3 1035 3514 5654
4 78 4660 6022 6495
7 934 1145 3676 4224 4329 5727 7640
3 3643 5068 6057
2 1083 6574
7 557 1287 1514 1779 3140 4173 5218
6 1443 4879 5194 5623 7167 7634
6 3024 3799 4061 4066 6097 7449
7 2902 3612 3672 5953 6591 6775 7758
2 6120 6443
4 1099 2019 2975 7028
7 854 3681 5160 5312 6834 7106 7250
3 5959 6323 7177
2 3180 6176
6 1635 2808 5650 5920 6468 7125
3 2648 3192 6499
5 28 1178 2300 5467 6013
5 1015 1659 3679 5465 7175
4 3156 3496 6457 6601
4 1058 3142 5732 7443
4 2280 3335 4674 6025
2 2910 4165
3 152 6162 7542
6 590 1756 2294 3647 4243 5042
5 3981 4639 5158 5401 7725
4 4459 4764 5470 7649
4 212 1277 5164 5666
6 3829 4225 4618 7105 7280 7401
6 4521 5201 5538 5728 6172 7184
4 541 734 1849 5377
5 722 723 1443 2494 6494
7 252 301 1967 3007 4799 5634 6772
4 2330 3732 7033 7746
4 836 6065 6630 6835
6 411 698 1463 2251 2453 5879
7 503 3088 4217 5861 6080 7030 7366
4 180 1994 2196 7214
3 402 6927 7582
5 565 822 1265 4534 5410
7 1269 2783 2864 2910 6615 7680 7720
3 3643 5293 6139
6 1276 3072 3477 4245 4385 4622
5 741 1229 5531 6737 7505
4 658 2198 4526 5011
6 1247 1632 6448 6503 6569 7548
6 1830 2509 3553 3856 5954 7579
2 2203 7573
7 728 1046 1105 2827 4706 7473 7796
7 1749 3575 4007 5451 5905 6834 7143
2 1210 6242
3 904 999 2929
4 1862 3258 3512 6871
3 3628 4560 6077
2 688 3282
4 715 741 4325 7743
7 254 295 2107 2985 3850 4077 7759
4 1085 3147 3335 4736
4 383 445 6548 7085
5 2421 2584 5565 6739 7048
6 735 1635 3357 3456 5493 6009
6 619 652 2215 2679 7233 7849
7 354 638 1244 4547 5868 6184 7295
3 3400 6499 7613
5 1317 1817 2531 4157 6859
3 311 4161 7824
3 1055 3593 6973
7 969 1328 1708 2095 3735 4008 5001
3 2276 6234 7074
2 204 4889
7 642 3188 3766 4238 6225 7175 7204
7 172 1689 2959 3299 4017 5412 6585
6 575 2136 2186 2252 2465 5224
4 1515 4025 4861 6966
6 99 715 974 5366 5889 6381
2 1908 2603
7 27 2185 3512 3653 3874 4319 7524
4 2998 3611 4467 7349
2 3149 5597
4 427 1488 5060 7332
2 6085 6998
5 2240 2451 4830 5669 5857
4 771 2893 3118 6357
7 205 2717 3387 5140 6318 6641 6853
7 363 2911 3481 5366 6722 7076 7153
5 1389 4127 4365 6552 7593
6 2228 3537 4377 5492 5943 6752
7 1750 5000 5569 5582 6095 7226 7698
6 1145 1852 3192 3561 4019 4251
6 2704 5578 5894 6256 6831 7515
5 3127 3856 5082 5610 5667
3 3268 4640 7040
3 307 2881 5762
4 392 2765 3583 5942
3 846 4682 6968
7 1049 1551 2961 3038 4029 5427 5555
2 1630 2752
2 2105 7652
4 757 2962 3635 7646
7 680 1397 3338 4433 5072 5092 5759
7 1519 1744 1747 2367 2951 5205 6711
7 741 1120 2195 2767 4578 4832 7189
6 1707 1828 4111 4297 6134 7612
4 4469 5561 5736 7005
4 81 727 1373 7239
3 3221 4173 7189
4 765 814 4189 5655
3 68 1028 3072
3 1949 5610 7846
5 1221 1428 1612 3490 6918
2 6818 6932
2 4329 4668
6 1878 3703 3736 6277 6410 7144
4 1294 1580 2486 4665
4 251 5572 5585 6744
4 2077 4723 6268 7279
7 1891 3176 3730 5960 6906 7150 7232
2 7400 7695
6 66 2997 5879 5923 6709 7727
7 1328 2204 4203 4535 5883 6173 6768
2 3104 4928
7 457 1555 2332 3363 3492 6373 6651
3 2839 6840 7571
3 978 3560 6165
2 124 3709
3 34 3508 7382
4 34 869 2990 7650
2 1738 6059
7 416 965 988 1286 2093 3864 6389
6 3718 4282 4385 4460 5050 6671
5 2947 4643 6849 7437 7685
5 2954 4231 4309 5943 7167
7 566 584 1246 1591 3516 4972 5163
6 1433 2496 2974 3847 4988 6270
6 2763 3732 4015 4478 4651 7683
2 785 1322
7 624 1376 4993 5384 5407 6263 6409
7 875 3494 4658 4963 6361 7121 7137
6 366 530 4336 4629 6206 6630
7 626 950 4038 6742 6987 7437 7578
3 3720 4434 6637
5 896 1855 3872 6924 7187
6 1775 2070 3018 3924 5476 6522
5 322 536 894 2635 6201
6 2444 2550 3008 5755 7565 7621
3 747 2930 6614
4 569 1406 6541 7204
5 2109 4368 5434 5660 6452
4 302 1314 5270 7173
3 4072 5082 5789
4 1465 1506 3850 7235
6 237 2759 3250 3381 4620 4856
2 304 389
4 536 2692 3594 7707
6 1305 1527 1609 4720 6198 6263
5 303 1979 6243 6901 7180
4 2797 3036 5243 5352
6 169 1488 3094 4101 5913 7328
3 1075 2224 5719
7 1081 1424 2717 5197 5663 6437 7327
5 4042 4320 5091 6403 6990
4 538 3228 6714 7006
2 3513 5370
2 6406 7449
7 18 1398 1895 2048 3000 5944 7174
6 317 2270 3029 3740 6778 7608
4 3952 4868 5759 7658
2 3508 7858
3 12 4169 7023
3 2704 3542 7478
6 1207 3978 4173 5896 7102 7556
3 528 3058 7811
6 337 1363 3787 4327 6455 6483
6 1300 2101 4378 5615 6467 7637
4 4802 5572 7225 7327
6 3414 3521 4351 4639 5650 7210
7 72 1057 2378 3989 4594 4962 5249
5 508 1980 2319 7314 7665
2 2903 7520
4 2026 2193 4244 6600
5 848 996 1935 4166 7746
6 3768 3799 4337 4727 5491 6200
5 903 3993 6601 6905 7293
5 1751 2384 5782 6594 7820
7 323 816 2357 3537 4411 4961 7690
5 451 2792 3453 5166 6690
2 3562 4020
6 493 1373 1787 5203 5665 5923
6 1758 2201 2595 3010 5575 6278
3 5454 7112 7687
3 103 484 3901
5 121 738 1218 2242 4584
7 1176 1616 1966 2524 3923 5595 6484
6 464 1017 3386 4493 6554 6602
5 1416 3044 4861 6484 7470
3 529 4060 6149
6 4089 4677 5466 6123 6296 6793
2 584 2499
5 2440 2488 4941 5718 7407
4 1004 1371 2968 7741
7 80 703 1498 3752 4506 5012 5653
4 1391 3939 5784 7585
5 2690 3256 3701 4150 5418
7 1306 1486 2589 3779 3959 6475 7448
4 717 3113 4136 7143
7 896 3317 3563 4541 5271 6245 7698
4 286 778 1333 5964
6 414 2518 3745 4388 5323 5340
7 1594 4218 4801 5382 5660 7263 7392
4 214 909 2990 5964
3 887 3174 7646
6 370 1592 1627 2582 3673 5162
4 1459 3421 6476 6776
5 139 1915 2431 3535 7336
2 2212 4820
6 3126 3575 5210 5336 5805 6909
3 1012 1882 5732
7 1048 2996 3192 4332 4865 5292 6097
5 1082 1234 3393 3487 7495
7 682 1072 1192 4866 5995 7388 7779
5 151 1136 2559 5110 7712
2 2249 4884
6 319 4823 5548 5860 6774 7460
5 1102 2925 4474 5986 6678
5 485 2120 2292 2478 3338
5 127 5841 6568 7664 7815
5 2844 3658 5129 7141 7488
6 517 1418 3490 3715 4013 4083
6 2204 2654 3350 6123 7086 7559
3 1166 1909 6829
2 1324 2741
3 1334 4721 7145
4 1743 2723 5896 7781
3 3359 6977 7252
4 5536 5763 5918 7022
4 42 1334 2972 6274
4 2829 4685 6564 6996
4 1292 3413 6448 6596
4 210 611 1052 5819
4 105 2503 6781 7848
3 5325 5474 5693
4 2652 2807 5815 6850
2 448 7519
4 1063 1512 4846 6059
5 1962 3757 4605 4780 6190
6 1347 2315 4146 4746 6087 7592
5 1941 3150 3539 6166 7742
2 403 2268
7 1667 2012 2815 5347 5609 6050 6292
7 97 549 972 1454 4980 5012 6621
5 1450 1623 2580 4797 5326
2 708 3276
4 21 798 5105 6366
4 1612 3056 6471 7761
5 530 998 1565 5560 7668
2 600 4666
2 3728 7790
7 804 1138 1847 2343 3852 4474 6483
2 1981 2748
5 188 1782 1850 4061 7413
7 1120 2617 3303 4972 6363 6585 6679
6 237 492 2197 2394 3190 6909
2 773 5342
3 2010 2276 5398
7 2438 2980 3386 4749 4751 5050 6266
3 2074 2426 3668
3 2461 4178 5495
2 714 1272
4 1092 2550 4024 7194
2 2334 7815
6 1384 2973 4037 5418 6109 7343
2 103 704
3 508 2735 7107
6 1657 2229 3703 4667 6889 7221
2 4026 7164
5 91 708 947 2175 2559
6 610 1134 1746 2139 3229 7673
4 1520 2499 5510 6966
6 975 2456 4895 5894 7568 7570
3 687 1751 7301
2 1141 6531
2 7684 7738
4 1836 2993 4269 7467
3 482 3238 4125
3 2553 4856 6725
5 1059 3068 4967 7537 7793
3 920 1223 5743
4 2065 3270 4926 5132
2 1352 7050
6 592 1420 2424 4666 4981 5167
5 220 1803 2814 5397 7067
5 522 2024 5076 6820 7586
5 1771 2744 2938 5575 7436
4 1458 1967 5985 6536
4 1173 6072 6505 6807
4 1277 3769 3919 5274
3 1848 2570 5514
7 567 780 3658 6935 7510 7554 7834
6 280 2136 2194 2717 2763 6148
2 268 6514
2 423 7382
5 1057 3201 5368 5555 6077
7 435 1226 4112 4669 5067 6405 6558
6 1140 1567 2990 4205 7178 7326
2 2286 6981
3 5458 6524 7442
2 256 3918
2 419 5547
7 368 708 1328 2454 3219 5175 5428
7 2877 3016 3086 3462 4293 4843 5865
5 2093 2564 3065 4450 6382
3 838 4460 7282
7 3077 3267 3603 4791 5335 6549 7211
3 843 3327 6689
5 1844 2985 4632 5110 7505
5 473 4332 4505 4967 6854
4 435 1243 4041 4926
7 1413 3239 4175 5939 6827 7549 7553
5 228 1244 2844 2882 7587
7 9 1176 1434 2308 2638 2956 6718
6 182 1348 4523 5447 5954 6496
7 696 1226 1492 3363 5356 5379 7445
2 609 758
6 3585 5299 5991 6538 7030 7206
4 615 766 3575 4791
6 211 567 987 6641 7368 7593
4 65 3422 4023 7115
3 255 1298 4518
4 36 604 1050 4840
3 535 3867 5037
5 1478 1504 2083 2768 7454
5 4213 4455 5816 6401 7398
5 469 734 1071 3405 7096
3 4919 5107 5932
6 2220 2358 3384 3974 4188 4676
7 904 1617 2845 3933 4866 7181 7318
3 2078 2393 4081
7 552 869 4471 5502 5956 6549 7062
6 393 2502 3433 6112 6455 6497
4 3350 4428 6677 7306
3 1351 3028 7502
4 186 3005 3799 4257
6 121 364 1257 1823 5150 6915
5 2694 3333 4219 4869 5340
6 497 698 878 4779 6561 7426
3 2081 3363 5820
7 2358 2857 4205 5291 5462 7268 7850
4 2358 2721 4376 5358
3 1574 2337 4359
3 2289 6668 6970
4 643 2525 5840 7399
7 1672 1745 2215 2517 3255 4629 7192
2 429 6484
2 778 7255
6 564 1271 1871 2110 3948 4104
7 370 1604 1967 2140 3207 3485 5126
2 2404 6891
2 6534 7526
4 977 1911 5030 7288
3 2863 4805 6648
5 926 2268 3143 3812 6765
4 2483 3392 4187 5796
3 4371 5026 6012
5 981 2905 4921 5236 7216
5 2579 3967 5339 6565 7027
5 1278 2095 6541 6633 7104
3 1017 4035 4232
6 1179 3616 4068 5016 5208 7262
5 1754 2269 4001 4542 6438
6 207 1175 1213 1704 3135 6752
4 1109 2436 4057 7390
5 904 3573 3901 5889 7755
3 2362 2530 7002
7 496 4461 4809 5419 6030 6906 7658
4 2915 3923 4351 7043
6 934 2110 2577 3091 6359 7701
3 2611 5670 6232
7 3381 4670 5127 5252 5269 6063 7778
5 1629 2018 2349 3726 6655
5 96 1240 1506 5127 7576
7 1487 1665 5499 5910 6458 7642 7813
6 167 3147 3582 5384 5698 7588
4 926 2030 3348 6827
7 594 1334 2019 2393 2570 6000 7837
2 1789 2653
5 255 2177 3336 4613 7780
2 3152 5987
5 1403 2289 3265 4074 6759
4 75 3048 6316 6839
6 979 2245 3372 3990 6473 7062
2 5821 7519
7 2944 3622 6335 6385 6871 7081 7761
6 117 938 1738 2435 2757 4417
4 3072 3290 5966 7235
4 1565 2273 2350 6166
7 898 1604 1960 2301 3493 6381 7292
6 1250 3775 3780 3912 5434 7059
2 6619 7318
6 552 571 870 2136 2311 5307
3 2955 2979 4691
3 4723 5528 6259
7 192 655 719 1084 5985 6656 7032
5 1798 2235 2496 3113 4281
2 2373 4206
3 4103 5494 6374
7 704 790 1648 2848 5891 6353 7822
5 1933 2161 2506 6282 7000
7 2273 2556 3164 4232 4718 6768 7300
4 5154 6412 6669 7512
2 1754 7033
6 180 475 2253 3435 5414 6696
7 45 604 2902 3511 6206 6970 7056
7 1180 4477 4963 6198 7186 7308 7317
2 4011 5436
5 2298 2394 2647 5396 7853
7 572 819 5047 5384 5461 5936 6408
4 1565 3668 4521 7479
5 1522 2952 5172 6028 6080
7 3478 4030 4537 4954 5644 6827 7327
2 6370 7707
4 916 1217 2450 4157
4 625 767 1261 2377
5 243 2854 4659 6560 7741
4 29 1911 2732 5303
2 2086 5347
7 1667 2034 5159 5945 6152 7459 7706
7 1384 2587 4398 5760 6074 6689 7600
5 3701 3747 4390 4874 5507
6 541 1823 1848 2285 4602 5853
3 120 1801 7483
5 3143 3219 5488 5556 7528
3 832 2434 5821
3 1112 2757 5519
6 2457 3590 4769 5123 7470 7594
4 1236 2376 2651 3898
6 349 1229 3094 3717 6418 7396
7 618 1323 1387 2561 4441 5604 6551
4 646 812 4825 5034
5 227 440 1999 2296 2395
3 648 3218 6085
5 1161 2103 2404 5904 6788
7 262 426 4879 4913 5955 6427 6769
7 746 2588 3831 4599 6428 7087 7307
3 115 716 5439
2 863 5551
3 261 4626 5414
3 3559 5083 7675
7 754 1154 3282 3670 4533 5980 6552
2 7661 7678
6 1090 2605 3156 5296 5526 7555
3 4037 7036 7696
4 1477 3195 4011 4684
2 1497 4892
3 2475 3168 4938
3 1626 1803 7525
4 658 1926 4523 5294
2 147 7076
4 2672 3022 3346 5745
7 337 1413 1946 2475 2764 3959 4710
2 3311 7142
7 382 1033 1375 3587 3663 4879 6654
3 1190 1711 5945
7 271 1534 2769 2853 4064 4440 5906
3 2071 2351 7016
5 1363 2295 2943 4427 7736
4 2414 2750 5932 6123
4 1201 3330 5388 7299
4 164 1009 1618 2412
2 689 3480
6 2582 3269 3976 3984 5911 7132
6 1008 1599 2877 3043 6249 6585
3 3225 3940 7594
5 582 1110 2827 4163 6350
7 706 1764 3712 4834 5815 6775 6800
4 651 4764 7512 7849
3 4818 5877 7460
5 755 3026 5810 5974 6653
5 752 1792 4591 6071 7467
7 384 1149 3557 4304 5063 5564 7255
6 902 1085 1980 4245 6428 7155
3 241 2028 2146
6 144 1333 2309 2537 6607 7298
4 3941 5722 6138 6768
6 1027 3497 5625 6367 7287 7603
4 1656 2166 5057 6337
6 423 1942 5616 6773 6789 7545
5 1176 2239 2933 3044 5915
2 1348 5277
3 106 3222 7423
5 893 1665 3458 5889 6400
7 666 1453 3528 3612 4654 7059 7830
6 89 2707 3254 6372 6545 6949
3 1270 2606 6096
2 3415 6048
5 844 3344 4346 4721 7434
3 635 3040 4119
2 2040 3168
4 368 1590 3053 7627
2 4276 7693
2 843 3565
7 9 177 1096 2547 3193 4917 5271
4 1181 2604 6369 6372
4 265 3508 5745 7515
5 210 1501 3645 6404 7288
4 573 6403 6875 7859
7 1715 3534 3537 3725 4990 6294 7032
4 6088 6106 6248 7821
3 2235 3038 4395
4 889 1571 5438 5827
3 2059 2164 2255
5 3617 4159 4776 5346 6430
7 829 1873 3162 4229 6338 6554 7264
6 657 2960 3086 5110 5622 6978
3 3592 7225 7851
2 3701 7788
4 699 1840 4536 6557
2 29 6831
7 69 1143 1703 2768 3475 3533 5137
2 1790 2377
5 2994 3817 4042 5793 6470
5 620 4714 5302 6790 7261
2 2970 5224
3 2298 2531 7185
6 1966 2457 4446 5938 6933 7515
6 790 2018 2140 3821 6460 7109
3 452 492 5391
6 1970 2849 3034 3977 4249 4745
3 111 325 4634
6 838 1771 1807 5752 6826 7077
7 516 1500 1901 3646 3647 4482 7555
6 1488 4039 4187 5360 5394 6737
7 1009 1542 2309 3500 3544 4729 6720
5 827 1241 2537 2878 6895
5 2502 2861 4937 5134 5331
6 1438 3504 3737 4453 5323 6123
4 1017 1642 4394 7775
5 3838 3976 4229 6587 6893
5 2584 3659 4996 5014 6073
2 4408 4719
2 5309 5749
4 164 631 1924 2589
4 1675 1688 2740 2914
5 3868 4247 5140 5305 7246
2 2417 5664
7 385 1424 3259 4146 5752 6301 6824
4 76 284 3833 7133
2 2339 4700
6 169 1860 3271 4386 6445 6479
7 61 1911 2330 4097 4156 6767 7504
2 722 4800
4 2685 3235 4087 6338
2 1056 7084
2 3337 6346
3 285 1463 4135
3 3827 4466 5809
7 812 3690 3908 3937 4144 5341 6219
2 638 1007
3 1113 2109 4028
6 1720 2961 4140 5674 7387 7602
5 596 1062 2378 5032 6122
2 570 2761
5 700 2666 3548 5624 7172
4 341 602 3017 7399
5 3512 4014 5214 6485 6821
2 6399 6728
4 1151 2614 2919 6764
6 819 1479 2064 3033 5645 5983
7 256 536 970 3359 3556 4190 4351
5 67 2889 2907 3647 6989
2 105 5858
3 2648 3552 4189
7 1458 1756 2548 3359 4552 4853 7772
4 2973 3582 3963 4714
6 942 1594 2190 3332 6913 7837
4 2338 2735 5774 7645
