22 130
9 3 5 6 8 9 10 14 15 19
9 1 4 5 9 11 13 14 16 21
2 10 17
10 1 5 7 9 14 15 16 17 18 19
8 2 3 8 11 12 14 15 17
5 0 1 3 6 7
6 0 1 4 6 14 17
10 2 3 5 6 9 11 15 18 20 21
7 1 3 4 11 18 19 20
9 4 6 8 9 12 13 15 18 20
2 7 19
7 3 4 8 10 11 20 21
6 2 9 11 13 14 21
6 0 1 4 5 11 19
8 0 7 8 9 13 14 15 21
9 0 4 8 12 17 18 19 20 21
10 1 2 3 4 5 15 16 19 20 21
2 8 12
5 3 7 9 11 20
3 10 16 21
7 3 4 9 10 17 19 20
10 0 2 3 4 7 10 12 15 17 19
10 0 1 3 4 6 8 10 13 15 16
9 2 5 6 8 12 14 16 20 21
3 2 7 18
8 0 2 6 9 14 17 18 21
8 0 1 8 10 15 18 20 21
10 1 2 5 12 14 15 16 18 19 21
6 1 7 11 18 19 20
9 3 9 11 13 14 15 16 19 20
4 5 7 10 21
9 7 10 12 13 15 18 19 20 21
7 1 2 3 8 10 15 16
2 20 21
2 13 16
9 3 5 6 9 11 12 15 18 21
6 0 4 6 9 15 20
8 2 3 8 10 11 12 13 19
5 2 8 9 12 16
4 1 5 13 14
3 2 6 17
10 0 3 5 7 12 13 16 19 20 21
5 8 10 14 17 18
4 1 8 12 21
4 0 2 8 14
3 9 13 14
8 1 2 8 11 12 13 19 21
5 0 1 5 8 9
7 7 8 11 12 14 15 17
5 1 3 7 11 19
9 3 4 5 8 10 11 15 19 20
4 13 14 18 19
2 3 5
6 2 4 8 10 13 20
7 3 4 5 6 8 10 16
5 3 6 8 11 13
10 0 1 3 4 5 6 7 9 13 20
6 2 9 13 16 20 21
3 0 14 18
10 2 3 4 8 9 13 15 16 20 21
8 3 4 6 7 8 9 10 17
3 1 9 17
3 0 2 14
5 2 4 7 14 20
5 0 10 12 15 16
4 3 9 10 19
6 0 6 8 14 17 19
10 2 4 6 8 10 13 15 16 17 21
4 2 12 16 21
7 0 2 4 7 8 10 15
2 4 13
5 2 6 8 20 21
3 0 10 13
2 8 16
9 2 3 6 7 13 14 17 18 21
5 1 2 11 17 19
7 3 4 15 16 17 18 21
2 7 14
9 0 2 3 9 10 13 14 18 20
3 1 5 8
7 1 2 6 8 11 17 18
9 2 3 6 7 16 17 19 20 21
3 5 9 21
8 0 3 9 10 13 18 19 21
2 14 16
7 4 7 8 9 13 16 18
10 0 1 2 3 4 8 9 11 14 21
8 3 5 6 8 10 11 12 19
6 0 1 5 8 13 21
8 1 4 5 7 8 11 17 18
8 0 4 5 6 8 14 17 18
7 1 6 9 13 16 19 20
10 2 3 4 5 11 13 16 17 19 20
4 6 10 12 21
6 2 9 11 13 16 19
7 2 7 8 12 13 17 18
5 4 5 9 14 21
2 10 11
5 0 2 6 16 19
10 3 5 6 7 9 11 12 18 19 21
7 2 3 8 9 10 13 20
6 0 11 13 15 20 21
3 5 7 8
9 0 2 5 6 8 11 12 20 21
3 1 6 15
3 2 13 21
8 0 2 6 9 10 11 17 21
9 2 4 5 6 7 8 12 18 21
9 0 1 3 4 5 6 15 17 18
5 9 11 15 16 20
10 1 4 6 8 11 13 15 16 17 19
6 0 1 5 7 9 18
10 0 1 4 5 6 14 17 18 20 21
7 1 4 6 9 11 19 20
7 0 3 8 12 13 17 21
8 3 4 9 10 12 14 15 17
2 1 13
4 4 5 6 8
6 0 3 9 12 14 15
2 8 17
4 8 13 15 19
5 3 5 6 11 13
4 3 5 7 9
9 1 5 8 10 11 15 16 17 19
6 2 4 7 17 20 21
10 0 1 9 10 12 14 17 18 19 21
6 4 6 7 10 11 13
4 0 5 11 15
5 2 11 15 17 20
3 4 5 11
