13 63
6 3 4 5 7 9 10
10 0 1 3 4 5 6 8 9 11 12
7 0 1 3 5 6 8 9
8 1 2 4 5 6 9 10 12
5 0 2 3 7 10
7 1 2 5 6 7 8 10
7 2 4 5 8 9 10 11
9 0 1 2 3 8 9 10 11 12
7 0 3 4 6 8 10 11
7 1 4 7 8 9 10 12
4 8 1 11 6
8 1 4 5 6 8 9 10 11
4 1 2 4 12
7 0 3 4 5 6 9 11
6 0 4 7 9 11 12
7 0 4 5 7 8 11 12
5 2 6 7 11 12
6 1 3 8 10 11 12
8 3 4 6 7 8 10 11 12
7 3 4 6 8 9 10 12
8 3 5 6 7 8 10 11 12
6 2 3 4 6 9 12
4 8 9 10 11
7 0 1 3 4 5 8 11
6 0 1 3 4 6 12
7 0 2 5 6 8 9 12
7 0 1 3 4 5 6 11
8 0 2 4 5 6 7 11 12
6 1 2 7 8 11 12
5 3 8 9 10 11
5 0 8 9 11 12
8 2 4 7 8 9 10 11 12
4 1 10 12 7
6 0 4 7 8 9 11
5 5 6 7 8 12
2 3 6
5 2 3 5 6 9
6 0 3 4 5 8 10
7 0 1 4 5 6 11 12
4 1 3 12 5
8 0 5 6 7 9 10 11 12
7 0 2 4 5 6 7 11
4 8 1 11 7
7 0 1 3 7 9 10 12
5 3 4 7 8 9
2 5 7
4 0 1 2 11
4 0 8 3 5
9 1 2 3 7 8 9 10 11 12
8 0 1 2 3 5 10 11 12
3 1 4 9
7 3 4 7 8 9 10 11
7 0 1 2 4 5 9 12
7 1 4 7 9 10 11 12
7 0 1 2 4 8 11 12
3 2 10 6
4 0 1 2 7
8 0 1 3 6 7 8 10 12
7 1 2 3 4 8 9 10
8 0 1 2 5 6 8 9 11
7 1 4 5 6 8 9 11
9 0 1 5 6 7 8 9 10 11
7 2 4 6 7 8 9 11
